"scenario","Year","ACCESS.ESM1.5","AWI.CM.1.1.MR","BCC.CSM2.MR","CanESM5","CNRM.CM6.1","CNRM.ESM2.1","EC.Earth3","GFDL.ESM4","GISS.E2.1.G","HadGEM3.GC31.LL","INM.CM5.0","IPSL.CM6A.LR","MIROC.ES2L","MIROC6","MPI.ESM1.2.HR","MPI.ESM1.2.LR","MRI.ESM2.0","NESM3","UKESM1.0.LL","ensemble"
"historical",1850,-16.9,-34.3,-15.7,-15.3,-17.1,-14.1,NA,-18.1,-16.6,-22.6,-19.7,-24.1,-13.6,-11.7,-18.7,-18.7,-12.6,-19.4,-21.6,-11.7
"historical",1851,-16.5,-35.2,-20.8,-19,-17.7,-16.8,-19.5,-15.6,-14.8,-23.2,-19,-25.2,-11.8,-13.1,-13.3,-21.4,-12.8,-13.6,-26.2,-11.8
"historical",1852,-16.7,-35.6,-23.9,-19.3,-18.1,-15.4,-18.8,-19.4,-16.5,-24.9,-16.2,-22.6,-13.3,-13.3,-17.5,-18.6,-13.8,-13.9,-24.7,-13.3
"historical",1853,-17.4,-36.8,-20.4,-18.6,-14.9,-16.6,-19.4,-14.4,-18.4,-25.1,-20.5,-21.1,-12,-9.1,-19.3,-16.5,-13.2,-16.1,-24.5,-9.1
"historical",1854,-15,-32.1,-21.8,-15.6,-17.5,-17.1,-15.9,-15.4,-17.3,-22.4,-19.5,-21.4,-9.9,-15.8,-16.3,-18.7,-13.4,-15.9,-25,-9.9
"historical",1855,-15.9,-32.9,-23,-16.3,-16.6,-14.7,-16,-19.7,-15.1,-26.5,-20.7,-24.6,-13,-10.5,-17.3,-21.4,-15.1,-18.6,-24.4,-10.5
"historical",1856,-15.4,-34.7,-20.7,-19.8,-19.8,-16,-18.5,-19.4,-19.6,-21.6,-18.7,-15.7,-7.8,-12.6,-15.5,-15.6,-13.8,-17.3,-23.5,-7.8
"historical",1857,-15.5,-32.3,-24.1,-17.4,-17.4,-17,-17.2,-14.9,-14,-28.8,-21.2,-19.1,-8.3,-13.6,-16.7,-17.2,-12.1,-17.7,-23.3,-8.3
"historical",1858,-16.1,-34.4,-21.6,-15.8,-17.2,-17.9,-16.1,-19.8,-16.7,-25.7,-19.5,-20.3,-12.1,-13.1,-18.8,-18.5,-15.5,-18.4,-23.6,-12.1
"historical",1859,-14.3,-35.4,-21.6,-18.4,-16.8,-17.5,-15.4,-19,-16.8,-20.8,-18.7,-20.5,-10.8,-12.5,-16.6,-16.2,-13.8,-14.9,-23.1,-10.8
"historical",1860,-15.2,-35.6,-20.6,-16.4,-15.3,-14.3,-12.7,-15.7,-18.6,-23.3,-18.1,-18.4,-11.4,-14.6,-17.4,-20.2,-15.1,-13.5,-23.6,-11.4
"historical",1861,-15.2,-32.3,-12.7,-15.1,-17.1,-16.5,-18.9,-20.4,-16.2,-28.6,-18.4,-16.8,-11.3,-12.9,-18,-17.3,-14.2,-17.7,-25.9,-11.3
"historical",1862,-16.3,-28.9,-19.5,-18.8,-16.1,-14.8,-17.1,-20.1,-15.8,-24.9,-19.2,-23,-9.7,-13.4,-18,-18.8,-14.1,-16.7,-23.6,-9.7
"historical",1863,-14.7,-34.7,-19.8,-15.1,-20.2,-17.8,-17,-15.6,-15,-25.9,-19.2,-19.5,-7.6,-12,-19.8,-17.1,-16,-17.2,-23.2,-7.6
"historical",1864,-15.5,-34.3,-17.7,-19.2,-17.3,-15.2,-18.9,-18.1,-17.8,-26.7,-18.9,-25.4,-10.5,-13.9,-20.4,-18.9,-10.4,-16,-25.1,-10.4
"historical",1865,-15.3,-34.4,-18.1,-19.6,-15.9,-17.1,-16.1,-13.4,-16.8,-24.6,-16.3,-25.1,-10.3,-12.9,-17.6,-19.4,-16.5,-16.6,-25,-10.3
"historical",1866,-15.3,-34.3,-23.2,-19.1,-16.5,-15.4,-16.9,-16.7,-15.3,-27.7,-21.9,-23.4,-7.6,-13,-14.4,-14.8,-14.7,-14.8,-23.7,-7.6
"historical",1867,-16.8,-39.4,-15.7,-17,-18.3,-15.1,-15.6,-15.3,-19.2,-23.4,-20.2,-23.4,-14.9,-14.5,-14.9,-17.3,-19.2,-19.6,-23.2,-14.5
"historical",1868,-17.8,-31.1,-20.3,-16,-18.2,-16.1,-17.9,-21.8,-18.2,-25.4,-19.5,-22.4,-11.7,-13.4,-16.8,-21.8,-15.6,-18.9,-25.3,-11.7
"historical",1869,-16,-28.7,-15.5,-14.8,-14.4,-14.9,-19.9,-16.8,-15.9,-24.3,-16.1,-20.4,-9.1,-8.9,-16.8,-18.4,-11.9,-16.1,-25.1,-8.9
"historical",1870,-13.9,-29.2,-16.8,-15.9,-16.5,-15,-17.9,-17.1,-15.9,-26,-19.7,-21.6,-9.8,-13,-18.4,-19.4,-14.5,-16.2,-24.4,-9.8
"historical",1871,-15.5,-36.6,-18.2,-16.7,-17.7,-16.5,-17.9,-19.6,-18.4,-24.5,-18.9,-20.5,-8.7,-14.8,-20.4,-17.2,-13.5,-17.3,-25.6,-8.7
"historical",1872,-14.8,-34.3,-17.7,-14.4,-17.4,-14.7,-17.2,-16.6,-15.4,-23.1,-19.4,-21.1,-10.7,-12.1,-13.6,-17,-17.6,-16.2,-24,-10.7
"historical",1873,-15.2,-35.4,-20,-19.1,-17.2,-12.2,-15.2,-18.3,-17.8,-27.9,-23.1,-23.5,-8.1,-13.8,-18.2,-15.9,-14.6,-15.1,-26,-8.1
"historical",1874,-14.1,-33,-19.7,-14.1,-19.8,-16.9,-17.3,-18.6,-12.5,-26,-19.5,-21.2,-9.8,-12.3,-14.6,-18.8,-16.6,-17.1,-24.5,-9.8
"historical",1875,-16.2,-34.3,-17,-19.8,-12.2,-15.8,-16.4,-18.7,-16.6,-22.9,-21.4,-23,-13.7,-8.8,-17.9,-17.5,-15.9,-18.5,-23.2,-8.8
"historical",1876,-16.4,-31.2,-18.2,-15.9,-17.1,-14.3,-19.5,-17.9,-18.9,-26.5,-15.7,-20.6,-12,-15.2,-18.8,-15.8,-16.3,-16.8,-23.6,-12
"historical",1877,-15.8,-30.9,-18.7,-16.2,-16.9,-17.6,-20.5,-15,-16.5,-26,-20,-22,-11.1,-11.9,-17.6,-17,-13.3,-20.4,-25.1,-11.1
"historical",1878,-16.6,-33.7,-21.9,-15.9,-18.3,-17.4,-16.7,-17,-16.5,-25.8,-19.6,-24,-12.6,-12.9,-18.2,-17.4,-12.7,-18.3,-24.5,-12.6
"historical",1879,-15.2,-34.7,-19.7,-19,-16.1,-14.8,-15.5,-19.3,-14.8,-22.1,-21.6,-19.3,-11.8,-12.6,-13.5,-20.3,-16.1,-11.8,-24.2,-11.8
"historical",1880,-16.8,-31.1,-20.1,-15.1,-17.4,-11.5,-17.7,-18.1,-16.5,-24,-20.6,-22.3,-11.3,-9.3,-20.2,-19.4,-10.5,-13.5,-22.5,-9.3
"historical",1881,-15.8,-33.4,-22.9,-17.8,-18.1,-16.9,-16.9,-22,-14.9,-26.1,-19.5,-23.2,-8.6,-12,-16.4,-18.3,-12.2,-17,-22.7,-8.6
"historical",1882,-16.8,-30.9,-17.3,-14.8,-16.4,-15.7,-18.2,-22.3,-15.8,-26.3,-22.1,-22.7,-7.5,-13.2,-16.6,-18.1,-16.2,-17.8,-24.7,-7.5
"historical",1883,-16.6,-32.6,-17.5,-17.4,-17.9,-16.9,-17.8,-11.9,-16.6,-25.2,-21.2,-22.2,-13.8,-11.1,-16.3,-17.5,-16.4,-18.6,-23.1,-11.1
"historical",1884,-15.6,-30.7,-23.2,-15.8,-18.3,-14.5,-11.4,-19.3,-19.3,-24.5,-17.1,-25.2,-12.1,-12.9,-16.1,-17.8,-13.9,-17.8,-24.1,-11.4
"historical",1885,-15.6,-39.2,-18.3,-18.2,-19.9,-14.8,-16.8,-21.7,-19.7,-24.8,-18.1,-19.1,-10.4,-12.2,-20.5,-19.2,-16.5,-13.5,-25.4,-10.4
"historical",1886,-15.6,-33.7,-19.3,-17.1,-19.5,-15,-17.3,-20,-19.5,-25.1,-17.1,-20.9,-11.3,-12.2,-17.9,-20.6,-13.2,-17.6,-25,-11.3
"historical",1887,-16.2,-33.4,-15.3,-17.3,-15.4,-14.7,-18.4,-17.5,-18.7,-26.7,-20.2,-21.7,-9.1,-15.5,-19.2,-14,-13.4,-13.4,-25.4,-9.1
"historical",1888,-15.7,-29.9,-17.2,-16.7,-19,-15.6,-17.9,-19.2,-15.2,-23.2,-22.4,-22.2,-11.2,-12.8,-20.8,-17.7,-14,-16.3,-22.9,-11.2
"historical",1889,-16.1,-34.6,-14.3,-17,-16.5,-16.6,-17.7,-14.3,-14.6,-26.5,-18.9,-22.8,-10.5,-14.3,-16.6,-21.1,-14.4,-16.6,-23.7,-10.5
"historical",1890,-14.4,-24.8,-20.1,-18.7,-18.7,-16.8,-17.3,-20.4,-16.5,-27.1,-21.6,-20.3,-10.3,-11.4,-18.7,-18.7,-16,-18.5,-23.8,-10.3
"historical",1891,-15.1,-35.5,-18.6,-18.3,-17.4,-15.5,-17.9,-17.7,-14.8,-27.9,-24.9,-23.5,-11.7,-15.4,-16.4,-20.1,-16,-15.5,-22.5,-11.7
"historical",1892,-14.2,-34,-20.7,-17.1,-17,-16.6,-18.6,-15.7,-16,-24.7,-20.5,-20.7,-8.6,-10.1,-18.7,-18.6,-16.7,-16.2,-25.1,-8.6
"historical",1893,-17.2,-34.7,-21.3,-17.2,-18.1,-15.1,-18.3,-19.6,-12.8,-25.4,-20.6,-19.3,-12.7,-11.2,-17.7,-18.1,-14.9,-18.6,-22.1,-11.2
"historical",1894,-16,-31.7,-19.3,-18.3,-18.6,-17.7,-19.6,-17.9,-16.3,-27.3,-19.1,-20,-10,-11.5,-17.7,-20.6,-14.2,-16.7,-23.7,-10
"historical",1895,-15.1,-32.1,-26.2,-17.3,-18.3,-16.3,-17.9,-15,-16,-26.5,-14.1,-19.1,-10.1,-13.1,-14.1,-20.4,-15,-18.4,-25,-10.1
"historical",1896,-14.3,-28.4,-18,-16.9,-16.9,-16.7,-18,-16.5,-14.5,-24,-21.6,-21,-9.6,-13.4,-15.4,-16.9,-14.2,-17.6,-21.4,-9.6
"historical",1897,-14.8,-32,-16.3,-13.1,-17,-13.6,-16.4,-19,-19.9,-23.6,-19.4,-21.3,-12.1,-13.1,-13.5,-18.6,-14.9,-15.6,-23.9,-12.1
"historical",1898,-14.9,-32.8,-19,-14.1,-16.2,-14.5,-16.6,-18.8,-14.1,-23.9,-22.2,-20.8,-9.5,-10.1,-17.7,-19.4,-13.9,-15.1,-24.5,-9.5
"historical",1899,-15.4,-31.7,-25.6,-16.3,-16.9,-15,-19.3,-20.2,-16.6,-24.9,-18.6,-23.8,-7.6,-14,-15.9,-15.9,-14.4,-15.7,-25.1,-7.6
"historical",1900,-15.1,-30.7,-18.9,-15,-18.1,-16.1,-18.8,-13.5,-15.3,-24.1,-19.5,-22.3,-11.3,-14.2,-15.7,-18.5,-16.2,-18.9,-22.7,-11.3
"historical",1901,-16,-32.1,-20.5,-19,-18.6,-17.3,-18.1,-16.2,-12.3,-23,-17.6,-22.4,-11,-11.2,-14.6,-18.7,-13.8,-16,-25,-11
"historical",1902,-13.8,-28.1,-20.3,-17,-16.6,-14.8,-15.5,-14.9,-16,-27.4,-16.6,-19.6,-9.2,-13.9,-12.5,-18.4,-18.4,-15.3,-22.8,-9.2
"historical",1903,-16.2,-32.2,-16.8,-19.5,-19.2,-16.5,-13.7,-17.9,-16.3,-25.3,-21.8,-21.8,-12.2,-13.2,-16.6,-17.7,-15.1,-15.6,-22.8,-12.2
"historical",1904,-16.5,-29.1,-20.7,-17.5,-14.4,-15.7,-16.7,-17.1,-17,-23.9,-21.4,-21.4,-11.2,-11.5,-18.2,-17,-12.3,-17.5,-23.5,-11.2
"historical",1905,-16.8,-32.5,-18.9,-15.3,-18.1,-15.7,-18.5,-14.6,-16.4,-23.7,-17,-16.9,-10.5,-12.5,-15,-22.4,-14.4,-14.4,-25.2,-10.5
"historical",1906,-15.3,-36,-19.8,-19.8,-15.3,-18.2,-19.5,-19.8,-19.1,-24,-20.4,-21.9,-10.1,-11.1,-14.5,-18.9,-13.6,-19.7,-22.2,-10.1
"historical",1907,-17.3,-31.2,-20.3,-15.1,-16.9,-13.7,-17.5,-19.7,-15.3,-26.9,-18.5,-21.8,-9.4,-11.2,-20.3,-19.1,-15.8,-18.1,-25.2,-9.4
"historical",1908,-16.1,-28,-19.4,-17.1,-18.1,-14.6,-16.9,-17.8,-17.7,-25,-19.7,-25.8,-9.5,-15.7,-15.5,-17.3,-10.8,-19,-25.9,-9.5
"historical",1909,-15.3,-28.8,-19.7,-19.2,-15.1,-15.6,-18.7,-17.6,-16.7,-27.6,-22,-19.8,-9,-11.7,-12.5,-15.3,-15.2,-14.7,-24.5,-9
"historical",1910,-14.3,-35.3,-19.8,-12.6,-18.6,-16.8,-18,-9.9,-13.7,-26.8,-19,-22.5,-8.1,-14.6,-18,-19.4,-15.1,-17.1,-24.2,-8.1
"historical",1911,-16.3,-34.5,-20.7,-18,-17.7,-15.4,-19,-14.6,-11.8,-24.9,-19.4,-17.8,-9.8,-14.2,-16.7,-19.3,-16.3,-14.6,-25,-9.8
"historical",1912,-15.5,-30.4,-14.1,-14.3,-14.7,-13.9,-20.3,-16.8,-16.3,-26.4,-20.7,-22.3,-8,-14.3,-13.1,-17.7,-11.8,-17.5,-24.1,-8
"historical",1913,-15.8,-31.8,-21.1,-18.5,-16.4,-14.4,-16.4,-17,-19.6,-26.5,-22.8,-20.8,-11.5,-12.2,-21.1,-16.8,-16.6,-17,-24.5,-11.5
"historical",1914,-16.9,-33.8,-18.8,-16.1,-16.3,-16.6,-16.4,-17,-14.5,-23.9,-20.8,-20.2,-11.1,-11.3,-16,-17,-11.7,-14.8,-25.3,-11.1
"historical",1915,-15.3,-29.1,-16.1,-15.5,-18.4,-13.4,-17.5,-15.1,-17.4,-25.5,-21.4,-22.5,-7.9,-13.9,-17.8,-16.8,-15.9,-17.2,-25.3,-7.9
"historical",1916,-14.7,-37,-18.6,-16,-16.3,-16.4,-16,-19.4,-20.2,-28,-19.5,-20.7,-10.1,-13.1,-18.7,-16,-14.1,-15.7,-22.2,-10.1
"historical",1917,-15,-33.7,-18.3,-17.7,-15.8,-15.7,-16.5,-16.6,-17.4,-28.2,-15.9,-19.7,-10.5,-15.5,-17.6,-17.3,-14.4,-17.7,-24.9,-10.5
"historical",1918,-15.4,-26,-16,-16.6,-17.8,-17.3,-17.3,-15.5,-17.2,-24.5,-20.7,-17,-11.8,-11.9,-17.6,-17.8,-11.1,-16.5,-23,-11.1
"historical",1919,-16.4,-30.1,-22.2,-16.8,-18.4,-14.9,-14.7,-17.9,-15.6,-23.9,-21.8,-21.8,-11.7,-10.2,-13.5,-15.6,-14.3,-16,-24.4,-10.2
"historical",1920,-14.9,-32.9,-18.9,-10.2,-17,-17.7,-16.9,-14,-15.5,-24.6,-20,-19.2,-8,-12.6,-15.8,-18.2,-15.7,-12.7,-23.6,-8
"historical",1921,-16.3,-32.4,-18.8,-18.9,-15,-13.5,-14.3,-16.4,-16.1,-24.7,-16.4,-16.4,-10.7,-13.3,-16.9,-16.6,-14.5,-18.4,-25.7,-10.7
"historical",1922,-16.2,-35.9,-18.8,-16.8,-16.5,-15.9,-15.8,-15.6,-17.3,-24.5,-18.8,-21.9,-11.3,-11.6,-20.3,-15.4,-16.1,-15,-23.4,-11.3
"historical",1923,-16,-33,-21.9,-13.5,-17.6,-14.9,-20.1,-14.7,-12.8,-25,-19.7,-21.5,-15.6,-10.6,-19.2,-18.2,-14.7,-16.6,-26.5,-10.6
"historical",1924,-15.9,-31,-20.3,-12.7,-19.9,-12.8,-17,-16.4,-17.9,-20.4,-20.7,-22.2,-9,-12.5,-14.6,-18.3,-10,-14.1,-27.4,-9
"historical",1925,-16.6,-24.1,-18.3,-18.2,-18.4,-15.9,-14.7,-17.2,-16.1,-24.1,-19.7,-21.8,-13.4,-10.7,-13.7,-17.3,-13.3,-15.1,-25.6,-10.7
"historical",1926,-14.3,-32.8,-19.3,-14.6,-16.9,-14.9,-17.4,-14.6,-16.4,-25.2,-16.3,-19,-12.3,-10.8,-13.5,-18.7,-14.6,-13.8,-21,-10.8
"historical",1927,-16,-31.5,-17.3,-16.3,-19.2,-13.8,-16.7,-14.4,-16.8,-22.6,-18.7,-20.3,-6.3,-14.1,-18.6,-17.7,-14.3,-16.8,-24,-6.3
"historical",1928,-14,-32.5,-16.5,-17,-13.2,-12.7,-18.8,-14.7,-18.8,-24.7,-15.7,-22.9,-9.8,-10.7,-17.3,-19.7,-12.7,-14.8,-23.8,-9.8
"historical",1929,-14.5,-32.8,-14.7,-17.8,-14.5,-16,-17.1,-14.3,-16.7,-22.2,-20.3,-24.1,-11.7,-11.5,-15,-17.5,-13.9,-16.6,-23.9,-11.5
"historical",1930,-16.6,-29.5,-17.2,-16.2,-16.6,-17,-17.3,-15.2,-18.8,-25.6,-19.5,-19.6,-10.9,-11.2,-16.7,-17.1,-15.1,-15,-21.5,-10.9
"historical",1931,-14.8,-33.9,-20.6,-17.6,-16.6,-14.5,-18.5,-16.8,-15.3,-23.8,-21.8,-25.4,-10,-11.2,-17.8,-15.8,-16.9,-12.9,-23,-10
"historical",1932,-14.6,-37.3,-19.7,-16,-18.3,-17.7,-17.9,-9.7,-15.6,-25.6,-20.7,-18.6,-11.5,-13.5,-15.3,-18.2,-17.6,-13.7,-25.8,-9.7
"historical",1933,-13.9,-31.4,-20.7,-16.9,-17.4,-15.4,-18.1,-16.2,-17.5,-26.3,-16.1,-19.4,-9.6,-11.5,-17,-19.6,-16.6,-18.1,-23.3,-9.6
"historical",1934,-15.6,-33,-19.2,-12.6,-13.7,-16.6,-18,-16.2,-17,-26.1,-21.1,-21.3,-9.6,-9.1,-16.3,-14.6,-14.1,-16.5,-24.5,-9.1
"historical",1935,-17.3,-25.6,-19.8,-17.1,-17.9,-14.8,-15.8,-15.7,-16.2,-23.9,-17.8,-23.5,-7.9,-11.9,-17.8,-15.8,-12.8,-16.9,-22.6,-7.9
"historical",1936,-15.4,-31.2,-18.2,-16.9,-15.8,-14.4,-18.8,-12.8,-15.9,-23.2,-20.7,-22,-13.5,-11.5,-14.5,-15.9,-14.6,-13.4,-23.6,-11.5
"historical",1937,-15.3,-31.7,-20,-16.2,-16.6,-16.6,-17.7,-15.8,-16.2,-23.4,-19.5,-18.3,-10.1,-14.7,-18.2,-18.4,-12.5,-19.1,-22.7,-10.1
"historical",1938,-16.1,-31.3,-19.6,-18.6,-15.3,-14.6,-19.5,-14.2,-18.7,-25.5,-15.8,-20.7,-10,-8.3,-20.2,-18.5,-13.2,-17.5,-24.9,-8.3
"historical",1939,-15.9,-31.1,-21.8,-14.1,-17.6,-13.4,-19.1,-20.2,-17.1,-22.8,-19.7,-19.1,-10.1,-13.2,-17.8,-19.1,-11.2,-18.7,-25.1,-10.1
"historical",1940,-15.1,-31.5,-23,-13.2,-18.7,-15,-16,-13.6,-19.5,-24.1,-20.2,-22.2,-10,-13.8,-16.6,-17.7,-12.9,-16.8,-22.8,-10
"historical",1941,-15.2,-34.1,-24.4,-16.6,-17.8,-17.1,-16.2,-13.2,-17.7,-25.8,-15.8,-19.1,-10.3,-10.4,-20.8,-19.5,-13.3,-16.6,-24.5,-10.3
"historical",1942,-16.4,-37.6,-20.9,-13.6,-16.8,-14.3,-18.5,-13.6,-18.1,-23.9,-18.5,-23.7,-12.8,-15.3,-13.8,-15.9,-16.9,-18.2,-21.6,-12.8
"historical",1943,-16.4,-31.5,-19.6,-13.3,-15.7,-15.5,-18.1,-14.1,-16.1,-23,-17.4,-20,-10.6,-10.6,-18.1,-15.8,-13.9,-16.4,-23.9,-10.6
"historical",1944,-14.2,-31.4,-16.8,-13.9,-15.1,-16.3,-20.1,-19.6,-18,-22.8,-20.5,-22.2,-9.9,-9.5,-17.4,-19.1,-11.8,-15.9,-23,-9.5
"historical",1945,-16.1,-27.9,-19.1,-15.5,-15,-13.7,-15.5,-13.3,-19.1,-22.8,-19.2,-16.5,-10.7,-11.1,-18.1,-17.6,-12,-15.6,-24.3,-10.7
"historical",1946,-16.4,-31.7,-20.7,-16.6,-19,-17.4,-16,-15.3,-19.8,-28.4,-22.3,-21.1,-11,-12,-19.3,-20.5,-18.3,-18.9,-25,-11
"historical",1947,-14.9,-30.8,-18.9,-16.6,-16.2,-15.5,-19.6,-15.5,-19,-25,-19,-21.6,-13.4,-12.9,-16.1,-18.4,-15.1,-15.8,-21.9,-12.9
"historical",1948,-15.4,-27.1,-16.2,-18,-15.3,-15.6,-13.3,-11.5,-15.1,-27.5,-20.1,-23.6,-12.2,-11.6,-19.3,-16.3,-11.1,-17,-23.1,-11.1
"historical",1949,-13.8,-25,-17.4,-17.1,-18.6,-15,-17.8,-14.9,-11.9,-25.9,-18.1,-19.5,-11.8,-12.1,-16.3,-18.8,-12,-18,-22.1,-11.8
"historical",1950,-15.3,-34.5,-18.3,-14.4,-15.9,-14.2,-15.4,-12.9,-14.9,-26.3,-20.5,-17.1,-9.2,-12.8,-16.4,-21.2,-13.1,-14.1,-20.3,-9.2
"historical",1951,-14.4,-32.7,-17.9,-15.6,-20,-14.3,-16.7,-18.2,-17.9,-24.5,-18.2,-19.5,-10.9,-12.4,-18.7,-14.2,-15.6,-13.7,-23.5,-10.9
"historical",1952,-15.1,-33.3,-15.6,-15.4,-17.1,-14.9,-17.1,-18,-14.5,-21.8,-19.4,-20.1,-8.5,-13.6,-14.6,-19.8,-12.2,-19.7,-23.5,-8.5
"historical",1953,-14,-28.6,-21.1,-18.8,-16.4,-15,-18.3,-19,-16.6,-23.6,-17.9,-23.4,-7.7,-11.7,-18.4,-17.6,-15,-12.5,-24.4,-7.7
"historical",1954,-15.7,-33,-14.4,-15.9,-17,-13.7,-15.7,-14.7,-14.3,-25.3,-19.2,-21.8,-8.4,-7.9,-17.3,-16,-14.9,-15.3,-24.7,-7.9
"historical",1955,-14.1,-33.7,-17.2,-17.9,-16.6,-16.7,-15.9,-11,-19.9,-28.2,-16.7,-19,-10.3,-10.6,-20.3,-17.3,-14.9,-13.8,-22.7,-10.3
"historical",1956,-15.6,-28.5,-13.4,-14.9,-16.2,-15.9,-15.8,-14.6,-19.2,-26.7,-19,-23.7,-8.6,-12.8,-14.4,-18,-11.4,-11.9,-25.1,-8.6
"historical",1957,-14.9,-33,-16.1,-16.8,-17.6,-14.1,-16.4,-19.3,-13.2,-26.7,-20,-17.2,-9.3,-13.7,-15.8,-18.8,-13.3,-16.7,-23.6,-9.3
"historical",1958,-15.4,-28.5,-18.3,-14.3,-17.2,-17.6,-12.6,-15.7,-16.7,-22.6,-19.5,-20.1,-9.9,-14.1,-18.1,-20.3,-13.8,-16.6,-27.3,-9.9
"historical",1959,-15.6,-34.3,-19.2,-15.4,-17.7,-14.4,-16.6,-14.4,-16.6,-24.6,-21.3,-18.7,-11.6,-11.4,-16.5,-19.6,-14.2,-16.6,-24.2,-11.4
"historical",1960,-14.4,-34.3,-18.5,-15.9,-17.2,-14.5,-15.2,-16.7,-16,-25.9,-19.3,-23.5,-11.1,-12.8,-16.4,-15.8,-12.7,-16.7,-22.9,-11.1
"historical",1961,-15.2,-31,-19.5,-14.4,-18.7,-15.1,-16.7,-16.9,-14.6,-24.7,-18.5,-23.4,-10.5,-9.7,-18.4,-15.5,-15.8,-16.5,-24.3,-9.7
"historical",1962,-16.2,-30.4,-19.8,-15,-14.1,-15.7,-14.4,-18.1,-15.3,-23.8,-17.6,-20.7,-11.3,-13,-16.5,-15.5,-17.1,-16.7,-22.2,-11.3
"historical",1963,-15.8,-31.7,-20.8,-15.8,-16.6,-13.9,-16.7,-14.1,-17.8,-27.3,-21.2,-19,-11.1,-11.6,-14.1,-16.8,-14.3,-17.5,-24.9,-11.1
"historical",1964,-15.5,-24.3,-22.6,-17.1,-14,-15,-15.1,-20.6,-14.6,-24.6,-19,-18.7,-12.3,-10.8,-16.7,-16.8,-13.8,-14.7,-23.9,-10.8
"historical",1965,-14.8,-33.6,-19.4,-14.1,-16.6,-16.7,-17.9,-21.9,-17.2,-24.4,-20.2,-21.3,-10.5,-12.6,-15.3,-15.8,-13.5,-15.6,-22.5,-10.5
"historical",1966,-15.5,-26.2,-19.8,-17.4,-15.6,-14.3,-17.7,-13.8,-16.5,-23.4,-15.2,-20.5,-9.5,-10.7,-17.7,-13,-14.2,-15.5,-25.5,-9.5
"historical",1967,-16.7,-30.7,-19.2,-15.6,-16.4,-17.1,-14.4,-12.2,-17.2,-24.2,-22.2,-20.8,-9.8,-14.8,-15.5,-17.6,-14.1,-12.9,-24.7,-9.8
"historical",1968,-14.7,-34.7,-23.3,-15.1,-16.2,-16,-17.6,-14.7,-14.8,-24.3,-16.8,-18.8,-8.4,-13.1,-18.3,-14.7,-12.3,-14.7,-23.9,-8.4
"historical",1969,-15.8,-30.5,-16.9,-17.1,-17.2,-13.5,-16,-16.9,-14.1,-27.6,-19.2,-23.5,-11.4,-12.5,-17.8,-16.8,-17.2,-15,-23.7,-11.4
"historical",1970,-15.5,-33.5,-17.5,-17.2,-15.7,-15.3,-16.5,-15.6,-18.6,-24.4,-19.7,-18.3,-8.5,-11.5,-15.4,-19.8,-13.2,-17.7,-26,-8.5
"historical",1971,-16.3,-32.1,-17.1,-17.2,-18.1,-13.7,-17.5,-15.8,-15.7,-26.3,-22.1,-20,-10.8,-14,-16.1,-18.4,-12,-14,-26.6,-10.8
"historical",1972,-14.5,-28.4,-22.2,-14.6,-16.8,-13.9,-15.3,-16.8,-15.6,-25.9,-20,-18.2,-8.6,-13.2,-15.2,-16.5,-13.1,-13.8,-22.8,-8.6
"historical",1973,-15.8,-29.2,-18,-16.2,-18.1,-16.1,-14.6,-16.3,-17.1,-25.9,-20,-23,-10.2,-11.2,-15.8,-16.4,-10.8,-14.2,-24.1,-10.2
"historical",1974,-16.4,-31.4,-17.3,-15.6,-15.1,-15.4,-17.8,-14.6,-15.9,-24.8,-15.8,-17,-12,-10.8,-15.9,-17.9,-13.1,-15.4,-23,-10.8
"historical",1975,-14.1,-33.6,-21.1,-16.8,-19.2,-16.1,-16.1,-11.1,-17,-25.6,-20,-17.9,-13.6,-11.4,-13.2,-17.8,-13.5,-18.5,-25.6,-11.1
"historical",1976,-14.4,-32.4,-19.8,-14.7,-18.1,-15.8,-18,-16.4,-16.4,-25.9,-19.4,-17.5,-9.9,-12.6,-15.4,-18.9,-12.4,-17.4,-25.1,-9.9
"historical",1977,-14.2,-30.1,-19.7,-16.6,-17.7,-15.8,-15.1,-16.5,-19.7,-25.5,-19.6,-20.9,-12,-13.2,-15.9,-17.9,-12.2,-15.5,-25.2,-12
"historical",1978,-15.7,-30.2,-20.3,-12.6,-17.5,-16.1,-16.7,-17.5,-17.4,-24.7,-11.8,-20,-10.2,-9.8,-13.4,-17.4,-12.5,-19.8,-22.9,-9.8
"historical",1979,-15.4,-31.4,-14.1,-16.9,-16.5,-12.7,-17,-16.6,-17.2,-24.8,-17.3,-21.3,-9.4,-10.7,-18,-16,-12.6,-15.9,-22.4,-9.4
"historical",1980,-15.6,-34,-19.8,-17.6,-15.5,-14.1,-14.7,-12.7,-14.8,-27.1,-18.5,-20.1,-7.1,-14,-16.4,-15.9,-13.2,-16.9,-24.6,-7.1
"historical",1981,-15.6,-33.1,-23.5,-16,-16.3,-15.5,-17.1,-16.1,-16.5,-23.8,-16.1,-19.8,-10.1,-13.9,-12.7,-15.8,-10.5,-15.2,-24.6,-10.1
"historical",1982,-14.8,-30.1,-18.1,-14.9,-15.1,-13.6,-17.4,-14,-15.8,-24.1,-17.5,-18.8,-10.2,-15.2,-17.5,-17.4,-11.2,-18.5,-22.3,-10.2
"historical",1983,-15.1,-29.8,-20.2,-18.3,-18.5,-13.7,-13.3,-16.4,-15.1,-27.8,-15.4,-20.4,-8.2,-14.1,-17.6,-17.6,-12.8,-14.4,-24.6,-8.2
"historical",1984,-14.9,-32.3,-17.9,-13.9,-12.6,-15.4,-19.1,-16.1,-14.5,-20.5,-17.3,-20.2,-9.7,-12.4,-16.7,-17,-11.6,-15.1,-23.6,-9.7
"historical",1985,-15.4,-36.2,-15.8,-16.1,-16.6,-16.2,-15.1,-16.6,-14.2,-30.2,-18,-23,-7.2,-12.4,-17.8,-15.9,-13,-18,-23,-7.2
"historical",1986,-16.3,-34.4,-14.1,-18.9,-15,-15.7,-19.9,-18.3,-16.1,-23.1,-20.6,-22,-8.5,-13,-19.2,-16.8,-14.4,-17.5,-25.2,-8.5
"historical",1987,-15.5,-26.5,-16.1,-19.7,-13.8,-14.7,-15.3,-16.5,-15.2,-25.4,-19.5,-19,-10.5,-12.8,-16.3,-16.5,-13.9,-15.9,-25.3,-10.5
"historical",1988,-15.1,-32,-18.8,-17,-16.3,-14.8,-17.3,-15.3,-13.8,-23.6,-19.6,-16.3,-8.4,-10.9,-15.9,-14,-11.2,-11.5,-23.1,-8.4
"historical",1989,-14.9,-34.4,-16.8,-16.1,-15.7,-13.6,-17.2,-16.6,-14.9,-22.8,-19,-18.7,-8.7,-9.3,-17.4,-18.4,-13.2,-19.7,-21.7,-8.7
"historical",1990,-14.2,-28.8,-21.4,-16.7,-16.4,-14.5,-11.1,-12.6,-13.9,-27.4,-21,-21.3,-8.1,-10.3,-15.7,-16.5,-12.9,-16.2,-23.5,-8.1
"historical",1991,-15.8,-27.7,-17.4,-13.6,-15.1,-13.3,-16.6,-12.9,-17.1,-24.2,-19.7,-19.5,-13.1,-13.9,-15.2,-12.8,-13.5,-13.5,-25.4,-12.8
"historical",1992,-15.4,-32.8,-20,-16.7,-14.5,-16.1,-16,-10.1,-16.9,-25.2,-16,-18.4,-9.5,-12.8,-16.1,-16.6,-14.3,-16.9,-25,-9.5
"historical",1993,-15,-30.7,-18.9,-17.1,-15.7,-12,-17.4,-12.8,-13.2,-24.4,-20.5,-20.6,-10,-10.7,-14.9,-17.7,-12.2,-16.9,-25.4,-10
"historical",1994,-15.4,-33.6,-20,-16.6,-17.1,-13.2,-17.8,-18.6,-15.6,-26,-20.4,-22.3,-6.8,-9.2,-14.9,-19,-11.7,-15.4,-23.2,-6.8
"historical",1995,-16.7,-26.6,-15.3,-15.1,-16.5,-16.2,-17.6,-17.3,-16.8,-25.9,-18.7,-19.2,-11.2,-12.9,-13.8,-18.8,-12.9,-16.3,-27.9,-11.2
"historical",1996,-14.6,-30.3,-16.8,-17.3,-16,-14.5,-14.8,-13.8,-19.4,-22.6,-19.1,-19.5,-11.5,-12,-15.4,-17.8,-15.6,-14.4,-23.5,-11.5
"historical",1997,-12.8,-32.4,-19.1,-14.4,-15.2,-14.2,-10.2,-16.7,-14.1,-26,-19.4,-16.8,-10.1,-10.3,-17.5,-13.5,-15.3,-14.4,-21.2,-10.1
"historical",1998,-14,-30.8,-17.4,-16.8,-15.5,-15.8,-15.8,-12.2,-15.5,-24,-17.5,-18.5,-9.4,-9.7,-15.1,-16.3,-14.7,-16.6,-24.1,-9.4
"historical",1999,-16.1,-30,-18,-15.7,-17.5,-15.8,-15.5,-16.2,-17.1,-21.9,-20.5,-19,-11.3,-10.5,-14.5,-17.6,-12.7,-13.7,-23.4,-10.5
"historical",2000,-15.2,-27.3,-16.5,-14.9,-16.6,-14.2,-15.5,-16.1,-18.8,-25.8,-18.1,-19.5,-8.6,-13,-13.3,-16.8,-14.2,-16.2,-21.4,-8.6
"historical",2001,-14.8,-28,-15,-16,-16.8,-17.4,-16.7,-16.3,-20.5,-24,-15,-23.3,-10.2,-11.3,-13.7,-16.5,-11.9,-15.2,-22.4,-10.2
"historical",2002,-14.9,-34.3,-19.4,-12,-16.6,-16.9,-15.1,-17.4,-16.8,-25.1,-19.4,-21.7,-11.7,-8.6,-14.5,-15.8,-11.9,-17,-24.6,-8.6
"historical",2003,-13.6,-28.8,-18.1,-13.9,-16.9,-13.2,-16.7,-14.4,-14,-25.2,-20.6,-21.2,-9.5,-13.1,-14.7,-15.9,-11.7,-15.2,-20.9,-9.5
"historical",2004,-15.1,-29.3,-16.7,-16.8,-13.4,-14.1,-15.7,-12.7,-15.4,-25.9,-21.1,-22.1,-11.3,-10.9,-15.9,-16.4,-11.4,-13.1,-22.7,-10.9
"historical",2005,-16.1,-31.9,-18.7,-15.2,-16.2,-13.5,-16.9,-13.1,-18.2,-22.4,-17.4,-19.4,-5.1,-7.9,-14.6,-15.1,-11.7,-16,-20.9,-5.1
"historical",2006,-13.9,-33.4,-18.1,-15.6,-15,-14.4,-15.4,-14.2,-15.3,-26,-18.4,-16.1,-8.3,-13,-16.6,-18.8,-15.4,-16.1,-24.1,-8.3
"historical",2007,-14.3,-28.3,-14.6,-15.3,-14.3,-12.3,-13.2,-16.1,-16,-23.2,-15.1,-17.9,-11.2,-10.4,-11,-15.5,-12.4,-14.9,-25.3,-10.4
"historical",2008,-13.7,-32.2,-13.6,-13.7,-14.9,-14.6,-16.8,-18.6,-16.8,-21.3,-16.3,-18.5,-6.6,-11.5,-14,-14.2,-12.2,-17.5,-22.9,-6.6
"historical",2009,-14.7,-32.5,-18.9,-12.5,-15.4,-13.5,-15.6,-15,-16.3,-26.1,-17.4,-19.3,-7.9,-12,-15.9,-17.6,-11.5,-17.2,-23.6,-7.9
"historical",2010,-14.2,-27.8,-21,-12.8,-15.8,-13.9,-15.6,-10.6,-18.1,-23.6,-18.3,-17.7,-8.9,-9.2,-15.5,-17.1,-13.3,-17.1,-22.9,-8.9
"historical",2011,-12.7,-33.8,-17.9,-16.9,-16.4,-13.8,-16.5,-15.5,-13,-21.2,-16,-23.9,-8.2,-8.4,-14.2,-14.7,-11.2,-13.9,-20.6,-8.2
"historical",2012,-12.6,-29.2,-17.1,-12.8,-13.1,-13.7,-15.4,-16.2,-17.1,-22.4,-11.6,-18.8,-12.2,-11.1,-12.7,-15.3,-13.5,-13.4,-21.7,-11.1
"historical",2013,-14.1,-34.2,-18,-15.1,-17.7,-14,-14.7,-14.7,-17.9,-23.8,-19.3,-17.7,-7,-13.3,-14.4,-13.8,-11.9,-13.1,-21.4,-7
"historical",2014,-14.1,-25.6,-18.5,-11.8,-13.7,-15.9,-16.4,-13.7,-15.3,-25.2,-19.6,-11.2,-6.6,-10.3,-18.5,-14.7,-12.8,-15.2,-19.9,-6.6
"ssp126",2015,-13.7,-36.5,-20.4,-12.6,-16.3,-15.9,-13.6,-24,-13.3,-22,-24.5,-18.8,-9.7,-13.2,-18.8,-17.3,-21.1,-17,-24.7,-9.7
"ssp126",2016,-14,-32.5,-24.1,-16.3,-16.8,-15.4,-15.5,-18.9,-14.5,-21,-26.9,-22.5,-7.9,-10.2,-14,-14.5,-15.3,-16.1,-26,-7.9
"ssp126",2017,-13.4,-30.1,-20.9,-13.1,-14.5,-13.7,-15.5,-11.8,-17.5,-23.2,-25.9,-24.5,-11.6,-10.7,-21.4,-14.4,-16.5,-16.8,-21.3,-10.7
"ssp126",2018,-14.8,-32.8,-17.5,-13.5,-16,-14,-13.9,-19.1,-16.3,-24.7,-18.1,-23.6,-9.1,-6.9,-13.3,-16.6,-19,-19,-22.1,-6.9
"ssp126",2019,-12.5,-31,-14.6,-13,-14.1,-16.4,-15.6,-17.5,-17.8,-23.3,-20.4,-17.4,-11.3,-13.8,-15.5,-14.7,-15,-14.9,-20.4,-11.3
"ssp126",2020,-11.7,-32.2,-14.1,-14.9,-13.4,-13.7,-12.6,-14.9,-14.7,-25,-25.6,-14.4,-11.6,-8.1,-15.9,-17.9,-10.9,-13.5,-23.1,-8.1
"ssp126",2021,-12.8,-27.9,-21.9,-16.6,-14.9,-14.1,-14.4,-15.2,-16.2,-27,-25.9,-18.7,-13.2,-11.8,-16.3,-14,-13.3,-17.3,-24.5,-11.8
"ssp126",2022,-14.2,-30.6,-20.4,-13.4,-13.7,-11.2,-14.1,-17.5,-12.9,-26.3,-17.9,-17.7,-13.2,-9,-18.4,-16.6,-11.8,-9.5,-19.4,-9
"ssp126",2023,-14.6,-25.6,-25.5,-13.5,-16.3,-13.4,-13.6,-21,-16,-23.6,-22.6,-21.5,-8.2,-14.6,-18.4,-17.1,-13.2,-11.1,-22.1,-8.2
"ssp126",2024,-11.6,-26.4,-26.3,-15.4,-14.9,-10,-15.2,-20.8,-14.7,-29.1,-17.7,-19.5,-11.1,-14.2,-17.7,-12.9,-19,-16.7,-22.7,-10
"ssp126",2025,-14.4,-30.9,-27.2,-13.1,-14.5,-12,-14.3,-18.8,-15.4,-23.1,-22.1,-14.7,-10.1,-8.3,-13.8,-18.3,-13.9,-13.2,-20.5,-8.3
"ssp126",2026,-13.5,-26.4,-17.3,-13.5,-15.5,-15.4,-15.8,-14,-14,-24.5,-20.7,-20.6,-12.3,-9.3,-18.4,-17.3,-14.5,-16.5,-18.7,-9.3
"ssp126",2027,-12.8,-26.4,-23.4,-12.9,-13.6,-15.3,-17.4,-11.9,-17.5,-24.5,-21.1,-18.4,-9,-11.5,-16.3,-14.7,-18.4,-9.7,-20.6,-9
"ssp126",2028,-14.7,-30.7,-17.4,-13.7,-15,-13.2,-14.2,-18.9,-15.5,-21.4,-20.9,-14.8,-10.9,-8.6,-15.3,-15.8,-12.4,-13.8,-20.4,-8.6
"ssp126",2029,-12.9,-28.7,-19.6,-14.1,-15.1,-13.1,-15,-7.2,-12.4,-22,-18.9,-15,-9,-10.4,-17.1,-15.2,-11.2,-14.3,-22.2,-7.2
"ssp126",2030,-13.6,-27.9,-24.9,-12.2,-13.2,-14.1,-14,-12.5,-13,-29.3,-15.4,-17,-8.8,-11.3,-17,-14.9,-14.9,-15.8,-18.5,-8.8
"ssp126",2031,-14.4,-33.3,-19.4,-12.9,-15.2,-14.7,-15,-9.7,-14.6,-22.2,-22.1,-14.3,-11.3,-11,-18.6,-12.9,-12.6,-16.8,-23.1,-9.7
"ssp126",2032,-14.2,-32.4,-21.4,-12.1,-16.1,-14.2,-13.3,-15.5,-19.7,-23.9,-19.7,-18.1,-14.2,-9.6,-19.2,-13.6,-12.1,-16,-20.6,-9.6
"ssp126",2033,-11,-31.2,-21.6,-11.4,-15.2,-14.9,-13.6,-18.9,-13.9,-24,-23.6,-17.6,-6.9,-8.8,-16.2,-15.7,-15.9,-16.8,-23.4,-6.9
"ssp126",2034,-14.1,-35.2,-14.3,-13.8,-12.7,-15.8,-12.3,-14.8,-14.7,-29.9,-23.3,-15.8,-8.1,-10.9,-16.6,-15.7,-12.5,-17.2,-19.9,-8.1
"ssp126",2035,-14.7,-34.8,-18.8,-16,-15,-14.9,-16.6,-16.9,-16,-26.6,-20.4,-19.5,-8.4,-10.5,-12.6,-16.4,-19.4,-13.3,-21,-8.4
"ssp126",2036,-13,-28.4,-16.2,-10.2,-13.6,-13.4,-14.8,-17.7,-15.5,-26.2,-21.7,-14.9,-14.5,-9.2,-17.7,-13.8,-20,-11,-21.1,-9.2
"ssp126",2037,-11.8,-23.4,-15.3,-12.5,-13,-13.7,-16.1,-17,-11.6,-16.7,-27.3,-19.3,-11.3,-10.1,-16.5,-11.8,-10.6,-18.6,-18.6,-10.1
"ssp126",2038,-14.2,-29.1,-17.3,-12.3,-14,-11.4,-9.9,-14.2,-14.6,-23.2,-20.1,-15,-6.8,-11.6,-15.9,-16.1,-14.6,-15.4,-20.2,-6.8
"ssp126",2039,-11.5,-29.7,-13.4,-13.1,-12.8,-12.6,-13.2,-17.3,-13.9,-25,-21.5,-17.8,-8.8,-6.4,-15.1,-14.2,-18,-15.7,-19.1,-6.4
"ssp126",2040,-12.6,-26.4,-19.9,-12.7,-13.4,-14.1,-15,-19.3,-14.6,-22.8,-15.3,-18.8,-10,-8.8,-14.5,-13,-15.8,-17.4,-19,-8.8
"ssp126",2041,-10.4,-31.2,-16.2,-12.2,-13.1,-13.5,-15.2,-14.5,-14.3,-24,-17.3,-11.2,-13,-9.4,-9.2,-13.2,-16.7,-15.1,-20.9,-9.2
"ssp126",2042,-12.8,-28.7,-14.7,-12.5,-15.5,-14.7,-15,-10.9,-13.2,-23.4,-23.2,-18.8,-7.9,-11.8,-12.3,-13.3,-17.2,-15.7,-19.5,-7.9
"ssp126",2043,-13.3,-27.4,-11.2,-10.4,-15.4,-13.8,-14.9,-12.4,-15.4,-21.6,-27,-15,-11.9,-10.2,-18.4,-15.1,-13.2,-18.4,-19.6,-10.2
"ssp126",2044,-14.3,-28.7,-22.3,-10.3,-16.2,-13,-15.4,-14.9,-12.5,-24.4,-15.5,-18.4,-6.5,-7.3,-16.3,-14.3,-16.6,-16.9,-20.3,-6.5
"ssp126",2045,-13.4,-33.5,-16.9,-13,-14.5,-13,-14.3,-11.9,-12.5,-26.4,-26.7,-16.5,-13.5,-11.9,-16.5,-14.7,-12.3,-11.9,-19.7,-11.9
"ssp126",2046,-13.1,-28.6,-15.9,-12.1,-13.6,-12.7,-13.2,-14.3,-10.9,-22.6,-21.4,-16.8,-6.2,-7.2,-13.2,-13.5,-14.2,-16.8,-17,-6.2
"ssp126",2047,-14,-27.4,-15.5,-11.1,-14.7,-15.4,-15.3,-12.3,-12.3,-18.3,-17.5,-16.8,-11.7,-9.9,-11.6,-13.6,-16.5,-13.9,-19.4,-9.9
"ssp126",2048,-11.9,-29.1,-22.2,-10.8,-12.3,-14.6,-12.4,-16.4,-14.6,-19.6,-22.7,-14.3,-10.9,-10.2,-15.1,-14.5,-13.9,-15.8,-19.3,-10.2
"ssp126",2049,-11.1,-32.7,-25.7,-10.1,-12.3,-12,-13.7,-12.8,-13.1,-27.1,-24.4,-17.3,-12.9,-12.8,-16.3,-13.8,-18.7,-16.7,-22.3,-10.1
"ssp126",2050,-11.4,-24.3,-21.1,-9.7,-15.8,-13.6,-16.7,-11.9,-11.8,-21.9,-25.2,-12.7,-11.8,-9.1,-22.7,-13.3,-18.4,-15.1,-18.5,-9.1
"ssp126",2051,-12.9,-27.8,-15.8,-10.1,-13.8,-13.2,-15.3,-17.9,-16.1,-22.4,-18.5,-12.2,-15.6,-9.9,-16.5,-13.7,-13.1,-10.4,-21.1,-9.9
"ssp126",2052,-13.7,-28.8,-19.1,-12.3,-10.5,-13.6,-15.7,-11.8,-16.6,-23.8,-17.8,-13.7,-14.9,-11.5,-14.4,-12.7,-10.6,-14.4,-19.2,-10.5
"ssp126",2053,-12.2,-32.3,-15.7,-13.1,-14.2,-11.4,-13.8,-15.5,-14.7,-25.2,-20.9,-17.8,-11.6,-8.8,-15.1,-16.6,-10.8,-8.9,-19.5,-8.8
"ssp126",2054,-12.8,-30.3,-16,-10.6,-17.5,-13.5,-12.7,-16.6,-15.4,-25.2,-26.2,-14,-16.1,-8.6,-12.7,-14.4,-14.8,-12.9,-18.4,-8.6
"ssp126",2055,-12.1,-31.8,-13.8,-11.4,-12.1,-14.1,-13.7,-15.8,-12.5,-25.7,-26.7,-18.9,-8.8,-8.2,-15.3,-14.3,-14.3,-11.9,-18.3,-8.2
"ssp126",2056,-14,-29.2,-18.2,-11.5,-14.8,-10.7,-15.2,-16.4,-9.8,-24.3,-17.3,-19.8,-7.5,-10.3,-15.5,-12.3,-12.5,-12,-20.5,-7.5
"ssp126",2057,-11.3,-35.1,-18,-10.5,-14.2,-13.3,-15.2,-17.7,-14.1,-19.8,-26.3,-16.3,-10.3,-12.1,-15.1,-13.7,-20.7,-11.9,-20.5,-10.3
"ssp126",2058,-13.4,-25.5,-20,-12.2,-16,-9.5,-14.7,-13.3,-13,-22.5,-23.3,-10.9,-7.6,-8.1,-14.2,-11.2,-13.6,-13.2,-21.8,-7.6
"ssp126",2059,-12.1,-37.1,-22.9,-13.7,-14.6,-12.7,-16,-20.3,-10.3,-28.6,-24.1,-18.2,-12.6,-9.8,-12.4,-14.3,-19.1,-15.1,-18.5,-9.8
"ssp126",2060,-10.3,-26.1,-17.3,-11.1,-14,-13.2,-13.9,-21.1,-11.2,-25.7,-20.9,-18,-8,-9.2,-13.9,-17.9,-13.7,-12.1,-20.1,-8
"ssp126",2061,-10.1,-32.3,-15.3,-11.1,-12.5,-13.2,-16,-14.6,-12.7,-21.1,-17.8,-14,-6.7,-9.3,-14.4,-14.1,-12.7,-18.3,-18.9,-6.7
"ssp126",2062,-11.2,-30.2,-16.4,-11.8,-16.4,-14.8,-14.7,-16.2,-16.1,-24,-15.4,-17.4,-13.2,-8.9,-12,-14.5,-11.5,-12.5,-20.3,-8.9
"ssp126",2063,-11.8,-31.3,-11.1,-12.5,-15.4,-13.5,-12.3,-18,-13.3,-18.1,-18.8,-13.8,-7.9,-9.6,-15.2,-15.5,-16.4,-18.3,-15.6,-7.9
"ssp126",2064,-10.3,-32.8,-25.8,-12.9,-13.3,-12.9,-16.1,-15.4,-15.3,-23.5,-11.9,-15.8,-6.5,-10.4,-15.2,-14.7,-10.9,-9.9,-20.1,-6.5
"ssp126",2065,-11.4,-30.8,-16.1,-9.4,-14.9,-14.6,-16,-14.9,-10.6,-24.6,-16.4,-19.1,-15,-7,-15.7,-15.4,-12.3,-18.6,-19.5,-7
"ssp126",2066,-11.6,-30.9,-19.9,-8,-11.5,-9.1,-13.1,-14,-13.6,-18.1,-18,-15.8,-11.2,-8.7,-15.9,-11.9,-12.8,-14.5,-18.8,-8
"ssp126",2067,-12.9,-29.7,-15.1,-14.7,-13.9,-15.3,-14.8,-14.1,-15.2,-20.7,-22.1,-16.4,-7.3,-9.8,-15.4,-15.2,-11.8,-11.1,-20.3,-7.3
"ssp126",2068,-12.6,-34.2,-15.5,-11.8,-18.4,-11.9,-14,-15.3,-14,-19.7,-16.6,-18.2,-7.2,-9.1,-15.6,-13.8,-12.5,-9.8,-18.2,-7.2
"ssp126",2069,-13.3,-33.1,-23.4,-12.7,-12.2,-13.9,-14,-19.3,-14.3,-26.5,-19.2,-16.6,-7.9,-10.6,-14.8,-15.7,-12.7,-15.3,-19.4,-7.9
"ssp126",2070,-11.5,-31.7,-23.1,-11.8,-13.8,-14.1,-12.4,-18.3,-14.7,-23.3,-20.3,-15.5,-11.7,-9.4,-19,-15.9,-13.4,-14.2,-20.2,-9.4
"ssp126",2071,-11.3,-28.2,-15.5,-10.2,-12.7,-10.6,-13.9,-19.5,-11.9,-24.6,-28.9,-14.3,-7.8,-8.3,-14,-15.1,-15.7,-12.1,-21.2,-7.8
"ssp126",2072,-11.4,-25.8,-24.7,-11.3,-15.3,-13,-14.8,-16.6,-14.4,-22.5,-19.1,-17.1,-9.6,-9.1,-17.4,-15.1,-11.7,-14.3,-20.2,-9.1
"ssp126",2073,-10.9,-25.9,-16.5,-9.4,-16,-13.5,-14.2,-14.9,-17.9,-24.1,-16,-17.3,-10.2,-10.5,-14.7,-13.9,-14.7,-10.8,-16.6,-9.4
"ssp126",2074,-9.7,-22.2,-13,-13,-13.8,-14.9,-13.7,-13.7,-10.8,-22.4,-19.3,-16.9,-8.8,-10.4,-14.6,-14.3,-13.3,-12,-17.8,-8.8
"ssp126",2075,-10.5,-25,-23.9,-11.7,-17.2,-12.5,-13.4,-16.1,-12.5,-22.8,-14.5,-13.3,-9.9,-9.6,-11.4,-13.4,-16.5,-14.5,-18.6,-9.6
"ssp126",2076,-10.3,-30.4,-24.2,-9.1,-15.1,-13.7,-13.1,-17.9,-14.9,-25.6,-25.7,-13,-12,-9,-17.5,-13.2,-14.3,-15,-18.1,-9
"ssp126",2077,-11.8,-26.7,-15.4,-12,-13.8,-13.3,-16,-15.7,-13.2,-23.3,-20.1,-18.3,-11.5,-10.5,-11.6,-15.5,-14.5,-10.6,-20.4,-10.5
"ssp126",2078,-12.5,-29.5,-10.9,-9.1,-12.6,-14.5,-11.7,-16.7,-14,-24,-24.7,-14,-13.2,-9.1,-15.1,-16.3,-13.6,-15.1,-21.4,-9.1
"ssp126",2079,-12,-33.6,-20.1,-9.1,-13.8,-12.9,-13.1,-15,-14,-26.6,-21.3,-18.8,-9.4,-8.3,-13.1,-15.4,-13.4,-13.7,-18,-8.3
"ssp126",2080,-11.2,-28.7,-19.7,-13.4,-13.9,-12.6,-16.2,-14.5,-13.1,-25.8,-25.1,-15.9,-9,-9,-15.7,-13.4,-11.8,-15.3,-19.1,-9
"ssp126",2081,-11.6,-29.3,-22.6,-11.7,-14.8,-14.9,-13.9,-16.3,-11.5,-21.9,-15.1,-14.7,-10.6,-10.4,-16.3,-13.8,-9.8,-19.4,-21.3,-9.8
"ssp126",2082,-12.4,-30.4,-19.3,-10.9,-14.7,-13.2,-13.8,-11,-11.4,-20,-21.6,-19.3,-16.2,-10.3,-17.2,-16.9,-17.7,-12.5,-17.2,-10.3
"ssp126",2083,-12.3,-27.6,-17.6,-11.1,-11.1,-10.9,-15.6,-13.7,-11.6,-24.7,-19.3,-16.8,-11,-10.5,-16.4,-12.6,-15.4,-15.3,-19.7,-10.5
"ssp126",2084,-10.4,-27.9,-18.6,-11.5,-13.8,-11.2,-13.2,-13.8,-15.2,-24.2,-20.8,-15.6,-4.8,-11.8,-14,-14.4,-10.2,-10.7,-18.6,-4.8
"ssp126",2085,-13.1,-28.8,-11.8,-9.8,-14.2,-13.5,-15,-18.4,-12.2,-19.4,-18.5,-18,-8.2,-9.8,-16.3,-15.2,-12.6,-17.6,-15,-8.2
"ssp126",2086,-11.5,-22.4,-17.2,-12.3,-13.4,-12.6,-14.7,-13,-15.7,-25.8,-25,-11.8,-9.5,-9.1,-13.7,-15.3,-11.2,-14.9,-19.2,-9.1
"ssp126",2087,-12.1,-37.4,-17.8,-10.4,-11.9,-12.1,-13.5,-14.4,-10.3,-23.9,-24.2,-19.5,-8.7,-9.3,-14.6,-15.9,-8.7,-16.4,-18.6,-8.7
"ssp126",2088,-11,-24.3,-15,-11,-16.6,-14.9,-15.1,-13.1,-13.8,-20.9,-19,-18.1,-9.5,-7.9,-13,-12.2,-20,-10.4,-20.4,-7.9
"ssp126",2089,-13.1,-28.6,-16.7,-13,-13.3,-13.7,-15.1,-12.6,-14.6,-22.3,-21.3,-14.3,-7.6,-10.5,-15.7,-16,-12.3,-13.2,-19,-7.6
"ssp126",2090,-11.2,-31.3,-24.7,-10.8,-15.9,-14.4,-12.5,-16.3,-16.3,-19,-21.1,-16.7,-12.8,-8.3,-16.7,-14.1,-12.2,-17.2,-17.8,-8.3
"ssp126",2091,-11,-26.5,-24.1,-12.6,-12.4,-11.9,-16.8,-13.2,-12.3,-26.5,-22.4,-13.9,-3.6,-8,-12.8,-14,-11.9,-15.4,-19.1,-3.6
"ssp126",2092,-14.3,-32.1,-14.4,-11.7,-14,-13.3,-14.7,-17.3,-13.3,-21.5,-20.9,-14.6,-12.4,-10,-14.8,-14.4,-12.5,-10.3,-21,-10
"ssp126",2093,-11.3,-35,-15.1,-10.1,-15.5,-11.2,-13.5,-15.7,-17.2,-17.7,-19.9,-19.1,-7.5,-9.1,-17.5,-16.3,-20.7,-16.7,-17.1,-7.5
"ssp126",2094,-11,-28.5,-20.9,-8.3,-13.2,-13.5,-15.8,-18.3,-15.5,-25.1,-25.4,-16.8,-14,-6.9,-13.2,-12.1,-11.2,-15.8,-18.1,-6.9
"ssp126",2095,-12.6,-28.3,-20.2,-11,-10.9,-12.5,-15.9,-16.3,-12.7,-22,-19,-11.5,-8.9,-8.3,-14.9,-15.1,-10.9,-17.3,-21.3,-8.3
"ssp126",2096,-12.3,-33.5,-18.1,-10.4,-14.9,-13.2,-15.9,-17.9,-12.6,-21.1,-19,-13.2,-4.3,-8.6,-13.7,-13,-8.6,-18.1,-21.1,-4.3
"ssp126",2097,-12.5,-27.4,-17.2,-13.1,-15.6,-13.6,-13.5,-13.7,-17.4,-21.8,-20.7,-15.1,-8.5,-11.2,-16.5,-11,-10.3,-11.4,-16.9,-8.5
"ssp126",2098,-11.2,-31.6,-19.9,-10,-13.7,-13.1,-14.2,-13.1,-13.4,-22.1,-23.7,-19.1,-15.6,-12.1,-12.1,-12.4,-13,-17.1,-15.8,-10
"ssp126",2099,-12.8,-26.5,-15,-7.2,-14.9,-11.1,-10.2,-10.7,-13.3,-24.4,-15.7,-16.4,-11,-9.2,-14.5,-14,-16.4,-19.1,-18.3,-7.2
"ssp126",2100,-11.7,-31.1,-13.6,-12.8,-14.4,-13.2,-16,-16.7,-14.9,-21.2,-21.3,-13.3,-12.4,-8.2,-14.6,-14.8,-15.6,-18.8,-18.3,-8.2
"ssp245",2015,-14.7,-35.8,-15.2,-13.9,-14.4,-13.7,-17,-11.8,-13.9,-25.2,-26.7,-16.2,-8,-12.8,-20,-17.2,-8.5,-17.8,-20.9,-8
"ssp245",2016,-13.6,-37.9,-13,-16.1,-16.3,-15.2,-14.8,-13,-15.4,-24.7,-19.2,-15.2,-11.8,-14.1,-18,-16.5,-13.6,-17.1,-21.3,-11.8
"ssp245",2017,-15.9,-30.7,-16.9,-11.9,-16.7,-15.5,-11.6,-13.2,-15,-26.7,-17.3,-21.1,-13.6,-12.7,-17.6,-17.6,-13.7,-20.5,-22.5,-11.6
"ssp245",2018,-13.7,-37.3,-18.2,-15.1,-16.6,-15.6,-15.7,-9.1,-14.4,-28.9,-22.6,-18.1,-11.9,-12.5,-18.4,-16,-15.6,-17.6,-22.5,-9.1
"ssp245",2019,-14.4,-33.2,-12,-14.2,-17.7,-14.8,-19.1,-14.5,-16.7,-32.7,-19.8,-16.4,-7.2,-13,-17.3,-13.5,-16.4,-17.5,-22.1,-7.2
"ssp245",2020,-13.1,-29.4,-23.1,-13.3,-16.2,-16.6,-17.2,-16.8,-16.3,-29.3,-25.1,-17.5,-8.9,-14.4,-10.6,-16,-20.8,-18.2,-19.2,-8.9
"ssp245",2021,-13.4,-35.4,-15,-14.4,-14.9,-15.7,-16.2,-15.5,-14.4,-28.6,-19.4,-19.5,-10.4,-11.6,-17,-13.9,-13.9,-12.2,-25,-10.4
"ssp245",2022,-13.5,-28,-17.4,-14,-16.1,-13.8,-14.1,-13.6,-15.5,-20.6,-25.9,-15.6,-11.1,-10.7,-17,-17,-20.9,-15.3,-21.1,-10.7
"ssp245",2023,-14.7,-30.4,-17.3,-10.8,-13.2,-17.6,-16.3,-15.7,-15.1,-27.9,-15.1,-16.3,-7.3,-13.8,-17.6,-14.5,-11.9,-19,-23.1,-7.3
"ssp245",2024,-14.9,-30.5,-17.8,-14.3,-14.8,-12.6,-15.1,-13.1,-14.8,-27.8,-17.5,-17,-8.5,-13.1,-16.2,-17.7,-14.3,-18.9,-23.3,-8.5
"ssp245",2025,-13.4,-25.7,-22.3,-14.3,-13.7,-13.9,-16.2,-14.9,-13.8,-21.2,-15,-17.2,-12.7,-13.4,-18.1,-14,-14.1,-15.7,-22.6,-12.7
"ssp245",2026,-15,-32.4,-24.4,-12.7,-15.7,-15.6,-14.3,-12.6,-15.5,-26.1,-17,-18,-12.1,-13.7,-14.9,-15.8,-17.2,-18.2,-21.4,-12.1
"ssp245",2027,-13.1,-32.2,-22,-12.1,-14.9,-13.9,-14.9,-14.1,-12.1,-25.1,-26.1,-17.7,-11.2,-11.6,-17.4,-12.9,-18,-13.3,-22.8,-11.2
"ssp245",2028,-13.3,-33.3,-22.7,-13,-14.1,-13.3,-15.6,-12.5,-14,-28.1,-13.3,-12.3,-8.1,-13.4,-21,-17.6,-12.9,-15.9,-23.4,-8.1
"ssp245",2029,-13.2,-31.9,-18.6,-12.7,-14.8,-17.1,-14.4,-12.1,-17.5,-23.5,-22.5,-14.3,-9.6,-11.6,-16.3,-11.1,-11.5,-19.5,-22.8,-9.6
"ssp245",2030,-15.5,-26,-18.9,-10.3,-18.4,-16.1,-15.8,-12.2,-11.1,-30,-25,-16.6,-8.2,-10.6,-14.5,-12.7,-14.1,-18.1,-21.8,-8.2
"ssp245",2031,-12,-29.1,-11,-10.4,-14.2,-11.9,-14.9,-9.6,-18.2,-27.7,-18.8,-17.8,-14.1,-11.9,-13.6,-13.8,-13.4,-14.4,-20.7,-9.6
"ssp245",2032,-13.8,-28.8,-16.9,-13.2,-14.3,-16,-17.3,-12.9,-13.6,-23.4,-20.2,-16.7,-10.9,-14.4,-15.7,-14,-16.2,-13.4,-22.3,-10.9
"ssp245",2033,-12,-24.4,-22.2,-11.7,-15.1,-14.4,-13.5,-13.9,-16.3,-26.1,-26.5,-19.5,-8.5,-12.1,-14.7,-14.2,-15.4,-16.1,-20.4,-8.5
"ssp245",2034,-11.7,-33.9,-18.7,-10.3,-13.4,-13,-15.8,-14.1,-13.1,-25.2,-26.7,-19.2,-7.4,-11.7,-16.2,-11.1,-13.7,-15.4,-19.5,-7.4
"ssp245",2035,-13.3,-27.4,-19,-13.2,-15.6,-13.4,-15.5,-14.6,-15.4,-20.1,-23.4,-19.2,-8.6,-13.6,-14.9,-16,-15.2,-17,-19.8,-8.6
"ssp245",2036,-12.5,-32,-14.8,-10.7,-16.6,-10.3,-17.8,-12.9,-11.7,-24.7,-20.3,-15.7,-11.2,-10.8,-16.8,-17.3,-10,-17.5,-19.5,-10
"ssp245",2037,-12,-32.1,-19.7,-10.3,-15.7,-13,-17.2,-11.8,-14.2,-28,-21.4,-15.3,-11.9,-10.8,-15,-16.8,-12.7,-15.8,-20.6,-10.3
"ssp245",2038,-12.3,-31.7,-14.7,-13.6,-14,-13.2,-16.3,-8.5,-11.9,-19.3,-25,-17.9,-10.7,-13.7,-12,-12.9,-14.6,-14.7,-20.6,-8.5
"ssp245",2039,-13.9,-34.2,-16.8,-13.4,-16,-14.3,-14.6,-9.2,-14.6,-21.6,-30.3,-13.1,-14.5,-10.5,-16.6,-15.6,-14.4,-16.1,-18.6,-9.2
"ssp245",2040,-12.9,-27.6,-17,-9.8,-13.6,-13.2,-14.1,-9.3,-11.7,-25.4,-21,-18.5,-10.1,-10.7,-17.6,-13.6,-12,-14.3,-21.3,-9.3
"ssp245",2041,-12.5,-33.1,-19.1,-11.8,-13.2,-13.8,-13.3,-15.4,-15.3,-21.1,-18.4,-16.2,-7.7,-12.5,-18.3,-14.6,-13,-17.1,-18.5,-7.7
"ssp245",2042,-10.4,-25.2,-15.9,-10.9,-14,-11.4,-15,-15.2,-17.8,-23.5,-25.1,-17.5,-9.4,-9,-18,-14.3,-18.2,-15.4,-14.9,-9
"ssp245",2043,-11.7,-31.2,-19,-12.5,-14.7,-15.2,-14.6,-10.8,-12.7,-20.8,-21.7,-17.5,-5.7,-10.7,-15.1,-13.5,-14.9,-14.5,-20.6,-5.7
"ssp245",2044,-12.8,-28.5,-14.4,-10.6,-13.4,-14.1,-15,-15.2,-13.1,-24.7,-22.7,-15.7,-13,-8.7,-17.4,-13.7,-16.2,-14.2,-18.5,-8.7
"ssp245",2045,-13.4,-28.1,-18.5,-11.3,-15.5,-10,-14.1,-10.6,-15.5,-24,-24,-20.6,-11.6,-9.5,-15.4,-14.3,-10,-17.2,-21.3,-9.5
"ssp245",2046,-12.6,-28.2,-14.3,-9.7,-13.8,-12.5,-12.1,-11.6,-15.4,-23.9,-19.3,-16.7,-6.9,-11.9,-15.9,-15.6,-15.8,-12.3,-20.7,-6.9
"ssp245",2047,-11.8,-28,-16.7,-11.8,-14.9,-12.9,-14.5,-10.6,-11.5,-25.3,-20.4,-13,-9.3,-13.2,-10.3,-13.9,-20.5,-14,-18.4,-9.3
"ssp245",2048,-12,-33.9,-21.8,-10.9,-14.1,-12.7,-13.2,-12.6,-13.5,-21.8,-22,-17.7,-10.8,-8.9,-18.6,-12.8,-17.5,-11.5,-19.9,-8.9
"ssp245",2049,-11.8,-28.7,-15.3,-11.9,-14.6,-13.4,-14.5,-14.6,-13.9,-20.3,-22.7,-12.2,-11.4,-10.2,-12.9,-14.1,-14.2,-13.5,-20.4,-10.2
"ssp245",2050,-10.5,-25.6,-18.4,-11.8,-12.5,-13.4,-13.1,-10.8,-13.6,-20.9,-24,-17.4,-9,-13.1,-14.4,-13.4,-10.4,-16.2,-19.8,-9
"ssp245",2051,-11.6,-27.7,-13.8,-11.2,-14.4,-13.4,-14.4,-13.2,-11.8,-25,-23,-11.6,-7.6,-13.3,-11.6,-13.3,-14.1,-13.9,-17.7,-7.6
"ssp245",2052,-13.1,-29.2,-19.6,-10.1,-15.5,-14.2,-13.6,-11.9,-13.6,-19.5,-14.7,-13.8,-11,-14.6,-15.3,-15.7,-15.2,-13.4,-20.1,-10.1
"ssp245",2053,-12.9,-28,-15.5,-10.8,-13.6,-15.3,-10.5,-12.6,-15.4,-23.2,-14,-15.2,-8.9,-9.4,-22.1,-14.1,-15.9,-14.9,-19.5,-8.9
"ssp245",2054,-12.4,-27.8,-18,-8.2,-14,-12.6,-11.5,-9.6,-12.3,-24,-17.5,-13.9,-13.7,-10.4,-15,-13.3,-14.6,-17.6,-19,-8.2
"ssp245",2055,-12.1,-28.9,-19.9,-10.8,-13.4,-12.9,-14.4,-11.5,-15.7,-21.2,-18.6,-13.5,-7.7,-12.3,-13.6,-12.4,-12.9,-15.9,-17.7,-7.7
"ssp245",2056,-9.9,-29.8,-16.3,-8.7,-14.9,-12.4,-12,-9.4,-13.6,-25.3,-21.8,-12.8,-7.4,-9.9,-14.1,-12.9,-8.4,-17.4,-20.6,-7.4
"ssp245",2057,-12,-25,-24.2,-12.6,-15.2,-11.8,-13.2,-11.4,-16.9,-23.9,-19.7,-15.3,-10.2,-9.5,-13.5,-14.2,-11.3,-14.7,-18.8,-9.5
"ssp245",2058,-11.4,-24.6,-13,-11.8,-13.7,-12.4,-16,-14.7,-14.4,-22.4,-15.1,-14.9,-12,-10.9,-13.1,-11.9,-14.8,-15.6,-18.1,-10.9
"ssp245",2059,-10.7,-24.1,-12.4,-7.8,-14.1,-13.4,-12.7,-10.4,-13.2,-21.1,-18.9,-13.5,-10.7,-6.8,-12.7,-15.8,-11.5,-17.9,-13.9,-6.8
"ssp245",2060,-10.9,-27,-13.9,-6.8,-9.7,-11.7,-14.9,-12.4,-13.6,-23.7,-18.7,-18.3,-10.6,-10.2,-16.5,-13.9,-13,-16.7,-19,-6.8
"ssp245",2061,-13.4,-26.5,-16.9,-11.5,-12.8,-13,-13.7,-9.4,-11.9,-21.1,-21.6,-14.1,-8,-7.9,-15.2,-17,-11.7,-11.3,-18,-7.9
"ssp245",2062,-10.7,-27,-20.7,-7.7,-13.6,-11.5,-12.3,-10.5,-14.1,-23.7,-19.1,-12.9,-9.2,-12.6,-15.8,-14.9,-11.4,-15.8,-19.1,-7.7
"ssp245",2063,-12.1,-32.8,-18.5,-12.7,-12.6,-13,-14.6,-11,-14.7,-24.3,-13.3,-12.5,-8.3,-9,-15.6,-15.1,-11.8,-15.3,-18.5,-8.3
"ssp245",2064,-11,-26.2,-17.7,-10.9,-12.9,-12.6,-13.1,-11.7,-11.7,-23.3,-27.5,-15.6,-7.8,-14.5,-18.3,-11.5,-13,-16.2,-21.4,-7.8
"ssp245",2065,-9.6,-27,-11.1,-11.8,-15.4,-11.8,-13.7,-12.1,-12.2,-19.5,-24.1,-10.8,-9.7,-9.4,-13.8,-12.5,-13.2,-13.2,-15.7,-9.4
"ssp245",2066,-10.1,-32,-10.5,-11.5,-10.5,-11.2,-14.3,-13.1,-14.8,-22.3,-19.7,-13.3,-9.2,-8.8,-14.8,-12.4,-12.4,-9.6,-19.5,-8.8
"ssp245",2067,-9.3,-32,-20.2,-8.4,-12.2,-9.7,-14.6,-9.8,-12.8,-25,-24.2,-13.6,-9.8,-11.7,-13.2,-14.6,-9.8,-11.4,-17.9,-8.4
"ssp245",2068,-11.1,-28.6,-15.6,-9.6,-13,-10.1,-13.7,-14.5,-12.7,-23.1,-15.6,-12.3,-10.3,-11.7,-12.6,-12.2,-18.4,-11.9,-18.4,-9.6
"ssp245",2069,-12.2,-25.1,-15.6,-11.1,-11.8,-13.1,-14.5,-11.3,-11.3,-23,-18.1,-16.2,-7.3,-8.7,-16.1,-10.2,-14.9,-7.6,-18.3,-7.3
"ssp245",2070,-9.7,-23.7,-12.6,-8.6,-13.3,-11.1,-13.6,-10,-9.6,-17.6,-15.9,-13.6,-7.1,-9.5,-17.2,-13.1,-13.5,-11.8,-16.9,-7.1
"ssp245",2071,-10.2,-24.2,-23.7,-10.3,-14.6,-10.2,-13,-12.9,-11.7,-24.4,-22.6,-14.2,-9.3,-10.3,-15.2,-10.7,-14.8,-16,-17.1,-9.3
"ssp245",2072,-11.4,-24.4,-19.2,-9,-13.2,-10.4,-14,-13.9,-10.5,-22.4,-20.5,-13.2,-11.9,-9.9,-13.7,-14.7,-10.4,-13.2,-16.2,-9
"ssp245",2073,-11.6,-33.3,-15,-8.5,-14.3,-13.9,-11.8,-10.7,-12.3,-18.7,-18.7,-14.6,-7.9,-11.4,-12.1,-15.6,-10.5,-13.1,-18.9,-7.9
"ssp245",2074,-10,-28.1,-14,-10,-13.4,-11.1,-14.5,-14.6,-14.3,-21.7,-17.6,-13.7,-9.3,-12.6,-11.3,-13,-11.5,-13.1,-16.1,-9.3
"ssp245",2075,-10.5,-31.8,-16.5,-10.6,-14.7,-9.5,-14.4,-12.3,-15.7,-20.5,-13.8,-9.2,-11.4,-11.1,-14.8,-12.2,-13.5,-12,-19.3,-9.2
"ssp245",2076,-10.4,-24.9,-16.6,-9.6,-13,-12.9,-12.6,-12.4,-11.3,-22.9,-20.9,-13,-5.9,-12.5,-12.2,-13.3,-12.7,-10.9,-14.5,-5.9
"ssp245",2077,-10.8,-31.6,-13.1,-8.2,-12,-12.4,-12,-12.5,-13.2,-19.6,-17.3,-12.4,-8.5,-9.3,-11.2,-13.6,-12,-15,-18.1,-8.2
"ssp245",2078,-10.2,-23.7,-14.5,-5.6,-14.8,-13.2,-12.4,-11.9,-12.6,-17.8,-18.2,-12.8,-7.3,-9.2,-10.3,-13.6,-13.8,-13.4,-19.5,-5.6
"ssp245",2079,-11.5,-24.2,-16.6,-12.3,-11,-12.5,-14.7,-10.4,-11,-19.8,-16.7,-12,-4.6,-13,-13.9,-12,-14,-9.2,-16.3,-4.6
"ssp245",2080,-10.3,-28.8,-21.6,-10.8,-11.1,-13.3,-12.4,-7.2,-13.3,-21.4,-23.6,-16,-7.4,-7.5,-19.7,-12.3,-12.2,-13.9,-16.7,-7.2
"ssp245",2081,-10.4,-29.4,-15.5,-7.5,-12.3,-13.2,-11.3,-13.2,-12.3,-22.4,-21.9,-13.1,-6.2,-12.3,-14.9,-14.1,-11.7,-12.7,-20.9,-6.2
"ssp245",2082,-10.7,-26.1,-22.5,-9.1,-13.6,-10.1,-15.2,-11.7,-11.8,-25.1,-18.5,-13.6,-6.3,-8.6,-14.1,-11.6,-13.2,-12.4,-20,-6.3
"ssp245",2083,-12.5,-28.7,-18.4,-10.7,-13,-9.1,-11.9,-9,-9.8,-20,-25.8,-15.3,-11.1,-10.9,-14.1,-14.3,-11.5,-13.8,-17.1,-9
"ssp245",2084,-9.3,-27.7,-16.2,-9.7,-12,-10.6,-10.2,-14.1,-12,-22.6,-17.8,-10.5,-5.8,-12.1,-13.2,-11.4,-10.5,-10.8,-16.7,-5.8
"ssp245",2085,-10.8,-29.2,-11,-9,-8.3,-8.4,-13.9,-10.9,-12.5,-22.8,-19.2,-7.1,-5,-11.3,-12.4,-10.7,-11.8,-10.9,-15.7,-5
"ssp245",2086,-11,-30.5,-12.4,-8.6,-14.4,-9.4,-13.1,-10.2,-9.9,-19.5,-11,-11.6,-7.7,-8.7,-15.7,-15.4,-11.1,-11.9,-17.4,-7.7
"ssp245",2087,-11.5,-18.7,-11.5,-10.8,-9.2,-10.7,-10.7,-10.6,-14.2,-22.9,-18.8,-12.1,-8.3,-12.5,-13.2,-11.5,-11.7,-15,-16.4,-8.3
"ssp245",2088,-10.7,-22.4,-11.7,-8.4,-12.1,-8.2,-14.6,-10.7,-13.3,-16.5,-17.6,-13.6,-12.9,-11.2,-13.6,-13.8,-14.4,-14.2,-17.3,-8.2
"ssp245",2089,-10.9,-27.9,-14.8,-8.2,-12,-10.9,-11.8,-12.6,-13.1,-20.8,-26.2,-13.9,-11.6,-9.7,-12.2,-10.7,-10.3,-13.9,-16.1,-8.2
"ssp245",2090,-9.6,-23.8,-17.2,-9,-10.6,-12.9,-14.1,-10.8,-15.7,-22.5,-15.2,-9.8,-5.7,-6.8,-18.1,-11,-9.8,-14.4,-19.5,-5.7
"ssp245",2091,-9.7,-25.4,-15.2,-8.5,-13.8,-13.3,-13.1,-13.5,-14.6,-17.4,-19.1,-12.7,-4.8,-12.7,-14,-12.6,-11.8,-14,-15.4,-4.8
"ssp245",2092,-10,-29.2,-14.3,-10.4,-10.8,-10.6,-14.2,-10,-11.4,-17.5,-16.3,-9.5,-11.5,-8,-13.2,-13.6,-12.3,-11.6,-12.6,-8
"ssp245",2093,-9.7,-25,-17.8,-8.6,-11,-12.1,-14.6,-12.5,-11.2,-22.4,-23.3,-12.7,-9.3,-7.1,-14.1,-14.2,-13.2,-12.2,-15.8,-7.1
"ssp245",2094,-8.7,-22,-14.8,-8.1,-11,-13.1,-11.2,-12.2,-13.8,-19.9,-24.4,-12.3,-9.9,-8.6,-19.3,-14.4,-11,-10.6,-17.4,-8.1
"ssp245",2095,-10.4,-21.5,-17.1,-8.2,-8.8,-12.9,-13,-11.1,-13.2,-17.8,-26.3,-9.9,-9,-12.1,-18.9,-12.1,-15,-12.9,-16.2,-8.2
"ssp245",2096,-10.4,-25.9,-13.2,-11,-11,-11.9,-11.8,-9.8,-12,-20.1,-12.9,-13,-5.1,-10,-15,-10.6,-10.8,-12.4,-17.2,-5.1
"ssp245",2097,-9.6,-24.4,-16.5,-9.1,-8.3,-12.5,-13.2,-9.5,-13,-21.3,-11.6,-10.3,-8.9,-10.1,-13.4,-12.8,-8.3,-10.1,-18.4,-8.3
"ssp245",2098,-9.2,-25.2,-14.9,-8.5,-12,-11.4,-11.2,-9.5,-11.1,-20.3,-21.5,-9.2,-14.1,-10.1,-12.1,-15,-18.4,-10.6,-16.1,-8.5
"ssp245",2099,-10.1,-26.8,-12.2,-6.6,-10.8,-10.2,-11.7,-15.9,-14.5,-19.1,-18.6,-8.9,-6.6,-8.8,-15.1,-9.3,-9.7,-13.5,-15.1,-6.6
"ssp245",2100,-10.3,-27.9,-13.9,-5.6,-11.9,-9.7,-13.3,-7.2,-11.6,-20.4,-22.8,-12.5,-7.1,-13.3,-17.1,-10.6,-15,-11.9,-17,-5.6
"ssp370",2015,-14.7,-30.7,-22.3,-14.3,-16.1,-14.2,-15.8,-17.2,-16.8,NA,-19.9,-14.6,-10.1,-14.3,-17.6,-16.6,-13.6,NA,-20.2,-10.1
"ssp370",2016,-12.9,-31.4,-20,-13,-13.3,-15.3,-16.9,-11.9,-16.1,NA,-18.5,-14,-14.7,-19.9,-16.6,-14.9,-13.3,NA,-22.5,-11.9
"ssp370",2017,-14.4,-28.7,-14.7,-14.5,-15.4,-15.8,-16.7,-19.3,-16.7,NA,-20.6,-18.2,-11.4,-10.8,-15.6,-15.9,-12.7,NA,-21.5,-10.8
"ssp370",2018,-15.3,-36.6,-22.4,-14.8,-13.7,-13.8,-15.6,-15.8,-16.4,NA,-16.1,-17.2,-14.2,-6.7,-13.9,-15.5,-15.3,NA,-22.7,-6.7
"ssp370",2019,-12.6,-32.1,-16.9,-12.8,-17.1,-15.2,-14.5,-17,-15.4,NA,-19.8,-17.6,-8,-12.1,-13.7,-15.7,-12.9,NA,-22.5,-8
"ssp370",2020,-11.8,-27.2,-21,-13.2,-12.6,-12.4,-15.2,-15.6,-17.7,NA,-18.2,-21.6,-8.9,-15.3,-14.5,-15.5,-11.5,NA,-21.8,-8.9
"ssp370",2021,-13,-29,-20.1,-13.8,-16.2,-13.3,-16.7,-16.9,-16.1,NA,-16.4,-17,-8,-15,-10.6,-13.4,-12.9,NA,-23.6,-8
"ssp370",2022,-11.8,-29.1,-14.5,-11.9,-16.8,-15.1,-16.4,-15.1,-14.5,NA,-18,-18.2,-11.2,-14.2,-11.8,-14.6,-14.9,NA,-21.5,-11.2
"ssp370",2023,-13.3,-34.6,-18.8,-13.5,-16.6,-13.7,-16,-17.4,-16.2,NA,-20.7,-17.3,-9.5,-14.1,-12.4,-17.9,-10.8,NA,-19.5,-9.5
"ssp370",2024,-15.8,-38,-16.4,-15.6,-16,-15.7,-12.8,-18.5,-13.3,NA,-17.9,-17,-5.7,-10.7,-12,-15.7,-12.7,NA,-23,-5.7
"ssp370",2025,-12.8,-33,-15.5,-11.9,-13.2,-12.3,-14.6,-14.2,-13.8,NA,-19,-13.6,-9.2,-11.6,-15.7,-17.1,-13.1,NA,-23.1,-9.2
"ssp370",2026,-14.6,-27.9,-21.9,-12.8,-12.1,-12.6,-13.3,-13.8,-14.1,NA,-20.4,-15.1,-8.4,-10.2,-12.9,-14,-12.5,NA,-22.4,-8.4
"ssp370",2027,-12.6,-26.2,-17.9,-12.3,-16.7,-15.7,-13.2,-19.7,-15.6,NA,-18.4,-18.1,-12.2,-10.6,-11.9,-18,-10.8,NA,-23.5,-10.6
"ssp370",2028,-14.1,-34.2,-20.9,-15.9,-14.5,-11.2,-17.1,-17.9,-11.8,NA,-18.4,-15.3,-5.8,-14.2,-13.4,-16.1,-11.7,NA,-24.7,-5.8
"ssp370",2029,-14.7,-23,-17.4,-14.2,-16.7,-15.7,-14.9,-16.4,-16.2,NA,-17.1,-13.8,-12.8,-13.2,-15,-13,-12.3,NA,-24,-12.3
"ssp370",2030,-13.5,-30.9,-16.5,-12.1,-18.7,-12.5,-17.8,-20.2,-14,NA,-19.7,-18.8,-15.2,-13.6,-14.8,-14,-12.1,NA,-24.2,-12.1
"ssp370",2031,-13.3,-31.2,-19.3,-13.7,-16.5,-10.3,-16.5,-19.6,-15.9,NA,-23.5,-18,-10.4,-14.1,-13.9,-14.4,-11.8,NA,-19.8,-10.3
"ssp370",2032,-13,-27.9,-24.7,-10.7,-17,-13.5,-15.7,-13.8,-17.3,NA,-15.9,-16.5,-8.5,-15.1,-14.1,-13.4,-12.6,NA,-21.8,-8.5
"ssp370",2033,-12.3,-31.2,-15.1,-11.6,-14.5,-13,-18,-14,-12.1,NA,-17.3,-18.8,-7.2,-11,-12.7,-14.4,-10,NA,-23.4,-7.2
"ssp370",2034,-13.6,-24.4,-12.3,-12.4,-14.7,-14.2,-15.8,-14.8,-15.6,NA,-16.6,-17.3,-14.6,-13.5,-14.2,-14,-10.8,NA,-22.4,-10.8
"ssp370",2035,-14.4,-26.3,-19.4,-13.8,-15.3,-13.1,-17.5,-19.3,-15.1,NA,-10.4,-19.9,-10.1,-14.2,-13.5,-14.9,-8.6,NA,-22.2,-8.6
"ssp370",2036,-14.2,-29.1,-10.7,-13.7,-11.9,-12.1,-14.3,-14.3,-15.8,NA,-16,-19.2,-5.3,-13.5,-11.6,-16.5,-10,NA,-18.9,-5.3
"ssp370",2037,-12.6,-34.2,-19.8,-15.2,-15.2,-13.5,-15.7,-15.3,-13.6,NA,-18.1,-16.6,-5.3,-10.5,-10.9,-15,-10,NA,-20.6,-5.3
"ssp370",2038,-13,-32.9,-19.6,-13.8,-13.7,-13.3,-14.2,-16.6,-12.1,NA,-20.1,-16.5,-10.7,-12.5,-16.6,-13.5,-11.8,NA,-22,-10.7
"ssp370",2039,-12.5,-34.3,-18.7,-11.2,-15.2,-12.4,-15.2,-18.2,-13,NA,-18.8,-13.8,-10.4,-13.1,-11.9,-13.4,-9.9,NA,-21.5,-9.9
"ssp370",2040,-13.1,-33,-15.6,-11.7,-12.9,-11,-14.5,-20.8,-13.7,NA,-12.2,-16.1,-10.4,-11.6,-13.4,-16.9,-8.7,NA,-19.6,-8.7
"ssp370",2041,-14.4,-32.8,-13.6,-10.3,-12.7,-12.1,-13,-15.5,-12.8,NA,-17.2,-17.6,-7.7,-10.8,-12.6,-14.8,-10.6,NA,-13,-7.7
"ssp370",2042,-12.2,-30.9,-13.9,-11.8,-14.6,-12.6,-14.2,-14.4,-13.3,NA,-16.1,-17.8,-6.5,-10.9,-13.8,-14.9,-7.8,NA,-18.7,-6.5
"ssp370",2043,-12.4,-30.9,-17.5,-14,-14.2,-12.7,-15.2,-16,-12.6,NA,-13.6,-15.2,-7.4,-12,-11.7,-13.2,-10.9,NA,-22.4,-7.4
"ssp370",2044,-12.5,-24.2,-18.9,-11.7,-12.5,-12.3,-14.4,-19.5,-12.5,NA,-18.7,-15.1,-8.8,-13.4,-12.1,-12.6,-11.2,NA,-21.8,-8.8
"ssp370",2045,-13.1,-29.7,-20.6,-11.1,-13.3,-13.4,-14.2,-17.8,-13.7,NA,-17.5,-17.1,-6.7,-9.4,-10.8,-13.3,-8.5,NA,-18.2,-6.7
"ssp370",2046,-12.5,-29.1,-20.8,-9.4,-13.5,-10.9,-15.1,-10.8,-14.8,NA,-11.5,-15.3,-6.3,-10.7,-15,-15.1,-8.7,NA,-18.3,-6.3
"ssp370",2047,-12.7,-25.7,-17.8,-12,-14.3,-14.7,-11.6,-14.5,-14.4,NA,-19.6,-11.8,-11.8,-15.8,-12.2,-11.8,-12.9,NA,-18,-11.6
"ssp370",2048,-13.5,-27.6,-14.3,-10.6,-11.6,-12.8,-13.6,-10.6,-12.6,NA,-20.9,-14.3,-11.8,-13.9,-13.3,-14.2,-9.6,NA,-18.4,-9.6
"ssp370",2049,-11.7,-28.4,-18.4,-9.9,-13.9,-14.8,-14.6,-10,-12.9,NA,-13.8,-17.3,-11.7,-7.3,-11.4,-13.1,-8.7,NA,-19.5,-7.3
"ssp370",2050,-11.3,-27.5,-18.9,-11.1,-14.6,-12.3,-15.8,-17.8,-15.8,NA,-16.7,-11.4,-6.9,-10.9,-12.9,-11.8,-11.1,NA,-17.7,-6.9
"ssp370",2051,-10.9,-29.1,-16.6,-12.8,-12.7,-10.8,-14.7,-19.4,-15.3,NA,-18.1,-18.7,-10.3,-16.1,-11.1,-14.7,-9.1,NA,-18.7,-9.1
"ssp370",2052,-10.6,-30.2,-10.6,-9.2,-12.8,-14.9,-10.9,-16.5,-12,NA,-15.9,-10.4,-5.1,-11.4,-9.3,-14.5,-12.1,NA,-17.9,-5.1
"ssp370",2053,-11.5,-20.3,-15.7,-10.1,-11.6,-14.7,-12.2,-15.6,-12,NA,-17,-13.9,-7.5,-10.9,-10.9,-11.4,-11.5,NA,-18.3,-7.5
"ssp370",2054,-10.6,-27.7,-13.5,-10.5,-13.2,-11.8,-14.7,-15.6,-10.4,NA,-16.5,-9.7,-11.1,-13.1,-13.1,-15,-9.6,NA,-21.2,-9.6
"ssp370",2055,-10.9,-26.8,-14.8,-10,-12.6,-10.4,-13.1,-13.1,-15.7,NA,-14.6,-11.7,-6.3,-10.8,-9,-9.8,-12.2,NA,-18.9,-6.3
"ssp370",2056,-10.7,-27.3,-16.7,-8,-14.4,-13.3,-14.4,-19.6,-13.7,NA,-14.6,-14.1,-10.1,-12.5,-12.2,-12.3,-8.2,NA,-12.1,-8
"ssp370",2057,-11.6,-30.9,-16.2,-10.8,-14.3,-16.8,-15.3,-12.4,-11.7,NA,-14.2,-15,-11,-8.4,-12.1,-10.7,-10.6,NA,-15.1,-8.4
"ssp370",2058,-10.9,-24.6,-13,-10.5,-15.4,-12.6,-15.6,-15.3,-11.9,NA,-17.2,-13.1,-4.3,-9.9,-12.6,-11.3,-9.3,NA,-19.3,-4.3
"ssp370",2059,-10.2,-21.8,-15.7,-10.8,-13.3,-13.6,-13.6,-16,-13.6,NA,-13.5,-10.8,-3,-13.7,-10.4,-12.5,-10.4,NA,-18.7,-3
"ssp370",2060,-11.4,-33.7,-15.9,-9.8,-13.7,-12.4,-11.7,-8.5,-15.3,NA,-15.6,-11.6,-7.7,-8.8,-13.3,-15.2,-8.7,NA,-17.5,-7.7
"ssp370",2061,-11.8,-25.3,-16.8,-7.3,-14.3,-13.8,-13,-9.6,-13.5,NA,-15.6,-13.5,-11.2,-9.2,-10.5,-12.6,-8.8,NA,-18.5,-7.3
"ssp370",2062,-11.8,-35,-21.8,-10.1,-12.3,-12.8,-12.2,-9.6,-10.6,NA,-17.1,-11.6,-12.5,-9.3,-12.1,-11.1,-9.5,NA,-17.3,-9.3
"ssp370",2063,-8.7,-25.4,-18,-8.6,-14.4,-10.2,-13,-12.1,-12.1,NA,-18,-9.3,-10.4,-9.1,-9.1,-11.8,-9.9,NA,-17.5,-8.6
"ssp370",2064,-10.8,-27.1,-18.9,-10.4,-14,-12.4,-16.2,-10.5,-12.4,NA,-18.1,-15.1,-8.6,-9.1,-13,-13.5,-11,NA,-18.4,-8.6
"ssp370",2065,-9.7,-32.7,-10.8,-6.4,-11.6,-11.4,-14,-13.9,-11.4,NA,-18.3,-12.1,-13.9,-11.2,-8,-15.9,-7.5,NA,-18,-6.4
"ssp370",2066,-10.9,-21.9,-14.3,-8.5,-14.9,-11.3,-12.9,-15.8,-12.7,NA,-13.9,-13.3,-11.2,-11.2,-12.4,-13.9,-10.3,NA,-19.4,-8.5
"ssp370",2067,-10,-23.1,-18.3,-9.5,-10.9,-13.2,-13.9,-14,-14.8,NA,-19.5,-13.3,-6.3,-9.7,-9.7,-12.4,-7,NA,-17.4,-6.3
"ssp370",2068,-9.1,-25.8,-15.9,-9.1,-13.2,-11.5,-11.7,-12.8,-10.7,NA,-11.8,-10.6,-7.6,-8.3,-7.9,-12.8,-10.5,NA,-16,-7.6
"ssp370",2069,-11,-28.7,-12.3,-8,-11.9,-11.3,-15.2,-10,-13.1,NA,-13.5,-11.7,-5.7,-9.8,-10.4,-14.2,-9.5,NA,-15.7,-5.7
"ssp370",2070,-11.4,-28.7,-13.4,-8.2,-12.9,-10.9,-12.4,-12.3,-12.6,NA,-16.6,-10.4,-9.4,-4.2,-10.8,-14.6,-9.7,NA,-11.1,-4.2
"ssp370",2071,-11.1,-25.9,-7.1,-10,-12.2,-10.7,-14.2,-14,-12.3,NA,-16.3,-13,-9.1,-10.1,-9.8,-11.4,-9.6,NA,-16.2,-7.1
"ssp370",2072,-9.7,-20.1,-15.1,-11,-13.8,-9.9,-12.9,-10.7,-10.5,NA,-15.2,-7.8,-10.1,-11.4,-11.2,-10.5,-7.4,NA,-15.7,-7.4
"ssp370",2073,-9.8,-24.6,-16.5,-8.6,-9.7,-9.4,-12.4,-18.1,-11.7,NA,-14.1,-11.8,-9.5,-7.1,-9.1,-12.8,-9.5,NA,-15.4,-7.1
"ssp370",2074,-9.3,-32.8,-13.4,-7.4,-12.8,-13.7,-9,-15.9,-13.6,NA,-15.7,-13.6,-8.1,-11.2,-6.3,-10.9,-9.2,NA,-16.5,-6.3
"ssp370",2075,-8.1,-22.1,-15.8,-8.4,-10.8,-11,-14.9,-13.3,-10.3,NA,-13.5,-10.1,-3,-8.3,-9.6,-14.9,-7.3,NA,-15.9,-3
"ssp370",2076,-11,-20.7,-12.2,-7.1,-11.7,-11.7,-13.2,-18.8,-12.2,NA,-14.3,-10.5,-12.2,-11.8,-8.8,-13.8,-6.9,NA,-15.6,-6.9
"ssp370",2077,-9.2,-24.4,-13.1,-7,-12.5,-12.2,-14.3,-13.1,-14.2,NA,-14.3,-12.8,-7.8,-12.9,-10.8,-11.2,-9.2,NA,-15.8,-7
"ssp370",2078,-9.9,-23.9,-14.3,-6.6,-11.6,-8.5,-12.3,-9.9,-13.8,NA,-12.5,-12.3,-10.6,-10.8,-9.5,-9.1,-6.9,NA,-14.7,-6.6
"ssp370",2079,-8.4,-22.7,-13.4,-7,-10.5,-11.1,-12.1,-11.2,-12.4,NA,-18,-9.4,-8.4,-7.1,-11.8,-12.3,-9.6,NA,-15.2,-7
"ssp370",2080,-11.8,-26.8,-8,-7.8,-10.8,-11,-13.6,-10.3,-11.4,NA,-15.5,-11,-6.8,-6.7,-11.7,-12.2,-7.2,NA,-16,-6.7
"ssp370",2081,-9.3,-25.2,-10.2,-7.5,-9.8,-11,-9.9,-14.2,-13.4,NA,-13.5,-12.9,-6.2,-9.5,-11.3,-10.6,-9.6,NA,-15.5,-6.2
"ssp370",2082,-11.1,-24,-10.8,-6.4,-11.8,-13.6,-10.6,-15.1,-11.6,NA,-15.7,-8,-11.1,-12.6,-8.4,-14.1,-7.8,NA,-14.6,-6.4
"ssp370",2083,-8.9,-18.9,-10.6,-7,-10.7,-10.3,-11.1,-9.6,-10.3,NA,-17.8,-8.3,-6.9,-8.6,-8.8,-11.5,-10.3,NA,-13.3,-6.9
"ssp370",2084,-9,-23,-12.3,-3.9,-10.2,-9.9,-9.7,-11.7,-11.6,NA,-15.9,-9.2,-5.4,-6.3,-9.8,-12.2,-8.3,NA,-14.6,-3.9
"ssp370",2085,-8.5,-19.2,-11,-6.2,-8.2,-9.5,-11.8,-17.9,-14.2,NA,-16.4,-11,-6.4,-5.8,-10.7,-13.3,-5.1,NA,-13.9,-5.1
"ssp370",2086,-9.2,-22.2,-14.7,-6,-9.7,-10.4,-9.1,-10,-11.5,NA,-9.6,-5.9,-3.2,-10.2,-10.2,-9.6,-7.4,NA,-13.7,-3.2
"ssp370",2087,-10.3,-24.5,-13.1,-3.3,-10.8,-9.2,-10.9,-14.9,-12.5,NA,-16.2,-10,-11.4,-8.6,-12.1,-9.8,-6.3,NA,-15.1,-3.3
"ssp370",2088,-10.5,-20,-11.8,-6.1,-8.9,-9.6,-9.1,-10.1,-10.2,NA,-15.1,-9.8,-12.4,-7.4,-10.4,-8.3,-8,NA,-14.9,-6.1
"ssp370",2089,-9,-22.5,-17.3,-5.6,-9.7,-10,-13.1,-7.8,-8.1,NA,-13.9,-11.7,-6.3,-6.7,-10.9,-9.4,-9.7,NA,-14.9,-5.6
"ssp370",2090,-8.4,-25,-14,-6.4,-8.5,-11.2,-7.2,-12.4,-11,NA,-12.8,-11.4,-2.9,-11.5,-7,-8.8,-7.4,NA,-7.7,-2.9
"ssp370",2091,-7,-27.8,-17.4,-6.6,-8.7,-10.2,-13.5,-11.4,-14,NA,-15.3,-8.5,-10.3,-7.5,-7.4,-11.2,-8.6,NA,-11.9,-6.6
"ssp370",2092,-6.3,-23.6,-8.4,-7.3,-9.2,-8.7,-11,-11,-10.8,NA,-12.4,-9.1,-11.9,-5.2,-7.9,-9.4,-7,NA,-12.9,-5.2
"ssp370",2093,-8.4,-26.5,-19.6,-2.5,-9.1,-8.7,-11.4,-11.5,-8.8,NA,-10.5,-9.1,-6.8,-6.9,-9,-10.3,-9.2,NA,-12.6,-2.5
"ssp370",2094,-6.4,-20.9,-11.9,-6.4,-9.1,-8.7,-12,-8.2,-11,NA,-14.2,-8.6,-8.4,-11.7,-9.4,-9.2,-7.8,NA,-13.3,-6.4
"ssp370",2095,-8.4,-26.4,-11,-4.9,-11.9,-8.3,-10.9,-15.2,-10.1,NA,-13.4,-7.9,-3.6,-8.5,-9,-9.2,-6.5,NA,-10.6,-3.6
"ssp370",2096,-7.7,-23.1,-11.8,-4.8,-8.9,-9.5,-9.2,-15.1,-13.3,NA,-18,-7.6,-8.8,-5.7,-6.8,-7.8,-8.5,NA,-13.2,-4.8
"ssp370",2097,-7.7,-22.5,-10.6,-6,-9.6,-8.4,-10.1,-8.6,-12.3,NA,-10.6,-9.8,-5.2,-6.4,-8.9,-12.1,-7.4,NA,-12.7,-5.2
"ssp370",2098,-8.6,-21.9,-10.6,-6.5,-8.6,-9.2,-8.7,-10.5,-9,NA,-9.8,-7.8,-3,-9.2,-10.2,-10,-5.8,NA,-10.6,-3
"ssp370",2099,-8.6,-19.3,-12.9,-4.8,-7.5,-9.8,-10.5,-13.7,-10.2,NA,-8.9,-4.2,-12.7,-10.9,-9.7,-10.5,-8.2,NA,-11.6,-4.2
"ssp370",2100,-9.2,-23.3,-15.7,-4.2,-9,-7.9,-12.7,-10.7,-8.7,NA,-11.1,-8.2,-10.7,-7.8,-6.1,-7.6,-10.8,NA,-14,-4.2
"ssp585",2015,-13.9,-34.7,-22.5,-12.1,-16.5,-13.9,-16,-22.7,-13.5,-22.9,-27.2,-15.1,-8.8,-12.1,-22,-16.8,-12.2,-17.9,-18.9,-8.8
"ssp585",2016,-13.7,-39.1,-27.7,-13.9,-17,-13.7,-16.3,-19.2,-13.9,-22.6,-23.2,-20,-10.5,-8.9,-19.6,-20.1,-16.7,-13.7,-19.7,-8.9
"ssp585",2017,-12.7,-33,-18.7,-12,-19.7,-15.2,-16.3,-15.3,-14.3,-20.6,-22.1,-12,-13.1,-11.4,-21.3,-17.5,-15.6,-15.7,-20.8,-11.4
"ssp585",2018,-14.6,-36,-21.5,-10.7,-17.5,-15.8,-15.2,-15.2,-13.4,-23.9,-16.9,-15.5,-13.8,-11.9,-17.6,-17.1,-15.6,-16.1,-21.8,-10.7
"ssp585",2019,-14.1,-32.6,-23,-14.7,-12.7,-17.4,-15.9,-14.9,-14.4,-23.2,-21.7,-17.8,-15.6,-10.1,-13.1,-15.9,-9.7,-15.5,-22.6,-9.7
"ssp585",2020,-13.4,-32.3,-20.3,-14.4,-16.8,-14,-16.2,-15.1,-15,-25.7,-16.6,-15.5,-12.2,-11.6,-16,-17.5,-12.5,-16.1,-20.3,-11.6
"ssp585",2021,-14.1,-34,-20.2,-14.4,-13.7,-15.4,-16.9,-18.7,-15.4,-22.6,-18,-19.7,-11.9,-9.2,-23.9,-19.9,-16.1,-17.2,-22.5,-9.2
"ssp585",2022,-13.8,-31.6,-15,-14.2,-14.8,-15.7,-14,-16.7,-14.4,-24.1,-23.1,-18.2,-6.8,-10.3,-17.5,-18,-16.6,-18.3,-19,-6.8
"ssp585",2023,-15.6,-28.2,-17.7,-13.9,-16.7,-13,-13.8,-20.1,-11.8,-21.4,-20.7,-20.1,-11.9,-10.7,-19.3,-19,-15.7,-16.4,-22,-10.7
"ssp585",2024,-12.3,-27.6,-13.2,-13.5,-13,-14.6,-15,-21.4,-16.1,-22.7,-17.1,-15.9,-10.7,-11.5,-17.2,-20.4,-9.1,-13.2,-24.6,-9.1
"ssp585",2025,-12.5,-24.2,-14.6,-12.1,-13.1,-12.4,-14.8,-17.3,-15.8,-24.8,-21.7,-19.9,-15.4,-9.2,-12.3,-17.5,-14.6,-17.1,-22.6,-9.2
"ssp585",2026,-13.1,-30.1,-23,-12.7,-15.1,-15.1,-12.3,-14,-12.2,-20.6,-25.8,-14.2,-9.4,-11.9,-19.2,-14.9,-17.1,-14,-21.3,-9.4
"ssp585",2027,-14.4,-30.7,-19.5,-12.9,-16.9,-17.5,-16.1,-19.4,-14.1,-21.3,-23.5,-20.4,-7.4,-11.7,-14.6,-20.6,-12.2,-14.7,-22.1,-7.4
"ssp585",2028,-13.1,-27.5,-17.8,-10.4,-14.5,-7.7,-16.2,-14.4,-13.8,-20.3,-20.8,-14.6,-7.8,-9.8,-18.6,-18,-14.2,-15.7,-20,-7.7
"ssp585",2029,-14.3,-28.1,-18,-12.3,-16.2,-11.9,-17,-11.8,-13.4,-25,-17.8,-19.3,-14,-12.1,-14.6,-17.7,-16.2,-14,-22.1,-11.8
"ssp585",2030,-13.1,-31.9,-15.8,-9.1,-14.1,-12.6,-13.6,-15.9,-10.5,-20.2,-22.7,-13.3,-8.2,-11.3,-11.7,-20.8,-20.7,-14.1,-20.2,-8.2
"ssp585",2031,-11.7,-27.1,-17.7,-11.9,-15,-10.2,-14.7,-12.4,-15.6,-24,-18.7,-14.2,-6.7,-10,-17.7,-16.4,-15.4,-19,-21.1,-6.7
"ssp585",2032,-13.1,-28.3,-17.4,-10.8,-13.4,-14.5,-14.5,-16.5,-13.4,-22.9,-22.3,-17.1,-11,-9.5,-20.5,-17.4,-9.7,-11.5,-20.8,-9.5
"ssp585",2033,-13.1,-28.4,-20.3,-13.8,-11.7,-14.9,-14.2,-14.9,-13.5,-21.3,-24,-20.6,-7.8,-9.8,-14.6,-22.8,-17,-14,-22.9,-7.8
"ssp585",2034,-12.9,-29.1,-19.5,-9.1,-13.9,-13.6,-15.6,-12.7,-10.8,-23.2,-22.8,-17.7,-9.9,-9.6,-16.8,-15.9,-12.8,-16.4,-20.2,-9.1
"ssp585",2035,-13,-32.3,-16.5,-13.4,-15.8,-13.5,-14,-21.8,-12.9,-22.1,-26.6,-12.1,-8.3,-7.9,-16.3,-19.7,-18.3,-13.2,-23.4,-7.9
"ssp585",2036,-11.2,-29.1,-17.4,-10.4,-13.1,-13.8,-14.7,-13.6,-16.3,-19.4,-22.8,-18.1,-4.8,-9.9,-19.5,-19.2,-10,-13.9,-19.4,-4.8
"ssp585",2037,-13.6,-32.6,-22.6,-9.1,-14,-15.3,-13.4,-13.2,-13.4,-21,-20.7,-16.2,-9.6,-9.7,-18.6,-15.7,-13.8,-16.5,-20,-9.1
"ssp585",2038,-11.2,-26.5,-24.5,-11.3,-14.4,-12.5,-15.3,-17.8,-11.6,-18.6,-17.3,-17.3,-10.4,-7.3,-11.4,-16.6,-9.3,-14.8,-23.9,-7.3
"ssp585",2039,-13.8,-34.2,-20.3,-7.9,-15.6,-11.8,-15.2,-12.8,-12.6,-19.5,-18.6,-14.4,-7.7,-6.6,-18,-12.9,-13.5,-13.7,-19,-6.6
"ssp585",2040,-12.3,-33.2,-20.6,-10.3,-13.5,-9,-13.2,-13.9,-13.1,-21.3,-20.6,-19.1,-7.8,-9.2,-16,-15.8,-9.7,-16.1,-20.2,-7.8
"ssp585",2041,-11.7,-30.2,-16.9,-13.3,-12,-14.4,-15.9,-16.5,-12.5,-20.5,-23.6,-18,-11.8,-11,-16.1,-18.3,-14.9,-13.9,-17.5,-11
"ssp585",2042,-11.9,-26.2,-16.3,-10.1,-13.5,-13.4,-12.3,-17.6,-13.2,-19.9,-17.4,-16.3,-11.7,-8.9,-13,-21.6,-10.1,-19.5,-19.3,-8.9
"ssp585",2043,-12.5,-34.7,-13.9,-11.1,-12.5,-12.2,-15.4,-13,-14.8,-19.6,-22.6,-15.9,-11.2,-10.7,-18.5,-14.3,-10.7,-12.9,-20.9,-10.7
"ssp585",2044,-11.4,-31.9,-20.2,-8,-13.9,-13.6,-13.2,-13.5,-15.1,-18.2,-18.9,-13.5,-7.2,-10.3,-19.9,-13.9,-7.5,-15.2,-14.7,-7.2
"ssp585",2045,-11,-28.3,-17.1,-7.7,-13.1,-15.7,-15.1,-19.6,-14.5,-21,-23.6,-17.4,-8.4,-9,-19,-15.4,-13.3,-11.7,-19.9,-7.7
"ssp585",2046,-10.7,-30.2,-18.1,-11.7,-11.9,-13.3,-14.1,-13.1,-15.8,-17.8,-17.3,-16.7,-11.1,-9.6,-13.6,-16.6,-11.4,-10.9,-19.4,-9.6
"ssp585",2047,-11.9,-35.2,-22.3,-11.4,-12,-12.5,-14.9,-22,-13.1,-18.2,-15.8,-13.5,-11.4,-9.9,-16.4,-14.2,-10.9,-11.8,-19.2,-9.9
"ssp585",2048,-10.4,-29.3,-16.9,-8.3,-14.4,-13.5,-14.1,-22.2,-13.5,-20.9,-21.4,-17.2,-7.4,-7.9,-13.4,-20.1,-10.8,-12.6,-20.5,-7.4
"ssp585",2049,-11.6,-22.5,-13.7,-9,-14.9,-11.2,-13.5,-14.5,-16.3,-20.8,-20.9,-7.5,-7.2,-7.7,-12.1,-10.7,-13.1,-12.8,-15.2,-7.2
"ssp585",2050,-8.9,-24.6,-16.3,-10.1,-10.9,-11,-13.2,-13.7,-12.4,-21.1,-17.3,-16.3,-5.8,-8.4,-17.3,-15,-14.5,-9.4,-19.1,-5.8
"ssp585",2051,-11.5,-30.9,-22.7,-10.1,-13,-10.9,-13.8,-15.5,-13,-22.8,-19.8,-13.8,-8.6,-9,-14.1,-16.4,-13.3,-13.2,-18.2,-8.6
"ssp585",2052,-11.9,-27.5,-12.9,-8.8,-12,-12.6,-12.9,-10.8,-12.8,-21.6,-19.3,-14.3,-6,-8.4,-17.6,-12.9,-10.2,-13.2,-15.4,-6
"ssp585",2053,-10.9,-32.6,-17.6,-11,-10.8,-10.6,-13.2,-13.4,-13.8,-17.2,-19.9,-15.2,-10,-8.4,-13.5,-16.2,-14.6,-11.1,-14.1,-8.4
"ssp585",2054,-11.7,-24.3,-14.6,-9.7,-11.8,-10.7,-15.1,-10.7,-14.9,-19.6,-17.9,-10.9,-4.2,-10,-12.2,-17.5,-12.7,-14.1,-19.1,-4.2
"ssp585",2055,-10.8,-27.5,-13.7,-10.4,-11.1,-9.3,-15.6,-13.2,-11.4,-19.3,-18.6,-14.9,-13.5,-7.8,-13.4,-12.5,-11,-13.1,-19.2,-7.8
"ssp585",2056,-12,-23.8,-18.7,-9.3,-13.3,-13.1,-13.8,-15,-13.8,-17.5,-14.2,-9.9,-11.1,-8.3,-19.3,-15,-8.6,-12.1,-17.3,-8.3
"ssp585",2057,-11.9,-24.9,-13.1,-11.6,-12.7,-12.4,-10.7,-13.5,-11.9,-19.2,-23.5,-14.3,-4.7,-9.2,-21.6,-18.3,-8.3,-14.4,-17.7,-4.7
"ssp585",2058,-9,-28.1,-12.8,-8.3,-10.9,-14,-13.5,-15.2,-13.8,-17.7,-20.9,-12.6,-7.6,-6.3,-13.6,-15.7,-15.2,-10.9,-16.7,-6.3
"ssp585",2059,-10.1,-27.6,-14.2,-6.5,-10.9,-12.2,-11.7,-13.7,-13.6,-18.9,-18.6,-11.7,-7,-5.4,-13.8,-15.2,-10.1,-13.2,-15.5,-5.4
"ssp585",2060,-11.6,-22.5,-15.7,-6.6,-12.6,-12.4,-9.4,-18,-13.4,-17.4,-26,-12,-7.8,-7.1,-15.9,-9.9,-11.6,-15.2,-15.5,-6.6
"ssp585",2061,-9.5,-28.9,-8.5,-10,-11,-13.4,-13.6,-9.8,-9.8,-15.9,-16.8,-12.3,-6.7,-9.7,-14.9,-14.1,-11.4,-8.8,-17.4,-6.7
"ssp585",2062,-10.2,-27.4,-16.3,-6.8,-12.3,-11.8,-12.5,-9.7,-12.2,-18.2,-17.7,-10.3,-3.7,-7.5,-14.5,-14.1,-16.6,-8,-18.2,-3.7
"ssp585",2063,-10.7,-27.1,-10.1,-7.7,-12,-8.5,-9.3,-15.6,-14.3,-15.7,-12.3,-12.7,-9,-8.2,-9.9,-14.9,-12,-13,-15.4,-7.7
"ssp585",2064,-10.6,-23.8,-14.8,-7.6,-13.4,-14,-13,-13.5,-11.7,-11.7,-18.5,-8.6,-7.5,-6,-17,-17.7,-17.5,-9.6,-17.3,-6
"ssp585",2065,-8.7,-22.6,-7.4,-8.3,-12.2,-10.7,-12.7,-12.9,-10.4,-21.2,-22,-15.1,-8.8,-10.7,-14.5,-14.1,-12.7,-14.4,-12.4,-7.4
"ssp585",2066,-9,-23.7,-21.1,-6.4,-12.9,-9.9,-12.9,-14.2,-12.6,-16.8,-19.6,-11.1,-7.9,-5.3,-14.2,-15,-11.1,-12.5,-16.3,-5.3
"ssp585",2067,-9.7,-21,-18.7,-8.6,-12.8,-12.5,-11.3,-8.1,-11.8,-15.9,-22,-7.9,-5.8,-8.3,-11.7,-14.8,-12.6,-11.3,-15.7,-5.8
"ssp585",2068,-10.3,-30.6,-11.6,-8.7,-9.3,-9,-14.9,-9.5,-9.2,-17.3,-21.7,-10.7,-16.4,-7.2,-17.8,-10.2,-13.2,-9.2,-12.7,-7.2
"ssp585",2069,-8.2,-29.6,-17.3,-7.4,-11.5,-10.7,-12.4,-12.4,-10.3,-17.1,-19.4,-10.3,-6.4,-3.9,-11.5,-13.1,-10.8,-12.7,-14.2,-3.9
"ssp585",2070,-9.5,-27.1,-19.5,-7.7,-9.5,-10.3,-13.3,-10.1,-12.1,-18.6,-20.1,-11.8,-9,-4.7,-14,-15.2,-10.1,-10.3,-14.8,-4.7
"ssp585",2071,-7.6,-23.3,-11,-6.8,-10.1,-11.6,-12.2,-11.6,-13,-13.6,-18.5,-12.3,-2.4,-7.1,-13.7,-13.4,-10.6,-11.6,-16.6,-2.4
"ssp585",2072,-8.5,-25,-12.2,-7,-11,-12.4,-13.1,-15.4,-12.3,-15,-22.2,-11.7,-6.7,-3,-11.1,-11.1,-14.8,-14.4,-15,-3
"ssp585",2073,-8.2,-19.7,-12.9,-5.1,-10.3,-8.3,-12.7,-9.9,-14.8,-15.9,-19.9,-7.7,-10.9,-7.2,-18.6,-17.7,-11.6,-10.3,-15.6,-5.1
"ssp585",2074,-10.5,-28,-11.8,-6.3,-10.3,-9.7,-13.9,-10.9,-10.5,-17.4,-21.2,-8.9,-4.3,-4.7,-16.3,-16,-9.3,-9,-15.1,-4.3
"ssp585",2075,-7.6,-22.1,-10.6,-3.8,-10,-8.3,-12.2,-12.7,-13.7,-18.2,-18,-10.7,-5.7,-5,-12,-16.5,-7.7,-9.2,-12,-3.8
"ssp585",2076,-8.2,-23,-14.4,-4.7,-11.1,-11.3,-11.5,-14.7,-11.1,-12.8,-14.5,-9.5,-7.1,-4.4,-15.2,-13.1,-11.1,-11.6,-15.4,-4.4
"ssp585",2077,-9.1,-26.5,-15.2,-5.8,-10.8,-8.2,-12,-16.1,-10.2,-20.3,-12,-11.8,-7.9,-3.9,-8.7,-15.3,-5.9,-7.1,-12.4,-3.9
"ssp585",2078,-10.1,-21.2,-16.8,-4.7,-7.8,-8.8,-9.5,-10.7,-10.1,-13.1,-23.3,-10.1,-6.9,-6.3,-14.2,-10.1,-12.4,-7.8,-12.3,-4.7
"ssp585",2079,-6.4,-23.9,-7.5,-4.3,-9.6,-8.4,-10.1,-9.5,-11.7,-14,-19,-12.7,-6,-6.4,-11,-13.6,-12.3,-14.8,-13.5,-4.3
"ssp585",2080,-8.9,-22.9,-20.4,-5.7,-8.2,-9.1,-11.8,-8.5,-14.4,-13.6,-21,-10.4,-5.6,-4.9,-16,-14.6,-7.4,-13.4,-14.8,-4.9
"ssp585",2081,-8.7,-22.9,-13.1,-3,-8.4,-8.1,-9.2,-6.5,-10.8,-14.3,-15.2,-11,-9.8,-5.8,-16.1,-16.1,-5.4,-8.3,-10.5,-3
"ssp585",2082,-9.1,-21,-6.1,-5.2,-9.3,-8.7,-13.7,-9.1,-10,-13.9,-16.3,-8.9,-9,-4.6,-13.1,-11.1,-7.3,-12.8,-13.6,-4.6
"ssp585",2083,-8.5,-21.8,-8.8,-5.3,-7.8,-8.1,-10.8,-11.2,-10,-12.2,-15.4,-9.5,-4.6,-8.9,-11.1,-14.3,-7.9,-8.4,-10.8,-4.6
"ssp585",2084,-6.7,-15.1,-14.5,-5.3,-10.9,-8.8,-8.9,-10.6,-12.1,-15.2,-14.3,-9.4,-6.3,-6.4,-14,-8.8,-8.3,-9.4,-12,-5.3
"ssp585",2085,-8.1,-22.8,-12.6,-5.1,-9.3,-8.3,-11,-13,-12.1,-12.9,-19.9,-9.4,-10.2,-6,-9,-12.6,-7.9,-5.7,-12.2,-5.1
"ssp585",2086,-7.5,-25,-11.9,-4.1,-9.3,-8.9,-10.8,-7.9,-12.1,-13.3,-18.2,-8.8,-6.4,-5.2,-10.2,-12.6,-11.8,-7.1,-12.5,-4.1
"ssp585",2087,-8.5,-21.1,-13,-5.5,-8.9,-7.3,-10.8,-13.9,-9.4,-13.8,-19.5,-6.2,-7.7,-4.2,-8.9,-10.7,-6.9,-9.9,-10.2,-4.2
"ssp585",2088,-7.5,-22.9,-13,-4.7,-6.6,-8.3,-7.6,-13.1,-8.6,-13.1,-22.4,-6.6,-4.1,-6.2,-11.8,-15.2,-9.3,-9.9,-9.6,-4.1
"ssp585",2089,-6.8,-20.7,-14.2,-4.3,-6.2,-9.3,-10.5,-13.9,-11,-15.7,-17.1,-9,-6.7,-6.3,-16.4,-13.9,-9.5,-11.1,-11.2,-4.3
"ssp585",2090,-8.6,-24.8,-10.3,-3.7,-8.7,-7,-10.7,-14.8,-9,-14.6,-15.6,-7.4,-2.3,-3.4,-10.5,-10.7,-11.9,-11.1,-12.8,-2.3
"ssp585",2091,-7.7,-14,-4.8,-1.3,-8.6,-7.4,-10.8,-11.5,-6.1,-12,-17,-7.9,-3.9,-3.7,-8.2,-9.5,-8.7,-8.4,-10.7,-1.3
"ssp585",2092,-7.4,-20,-12.2,-4.3,-7.5,-7.4,-8.1,-8,-10.8,-14.5,-19.5,-8.2,-6.4,-4.8,-8.8,-12.6,-10.8,-10.5,-9,-4.3
"ssp585",2093,-8.3,-20.2,-13.5,-4.4,-8.2,-9.3,-9.2,-8.9,-9.5,-13.6,-17.2,-5,-4.5,-3.2,-16.7,-11.9,-9.6,-6.6,-11.6,-3.2
"ssp585",2094,-7.4,-17.4,-10.8,-3.3,-6.9,-6.5,-7.9,-8.1,-7.9,-12.9,-14.4,-8.7,-7.7,-4,-13.1,-9,-9,-10,-12.9,-3.3
"ssp585",2095,-7.2,-16.3,-5.5,-2.9,-7.2,-7.9,-11.4,-10.6,-9.7,-11.7,-22.6,-4.6,-8.6,-3.7,-14.7,-12,-7.9,-11.6,-10.7,-2.9
"ssp585",2096,-5.6,-18.8,-14.6,-4.1,-6.3,-8.9,-8.7,-9.3,-9.7,-14.9,-12.4,-4.8,-5.9,-2,-10.5,-11.5,-5.2,-5.7,-10.6,-2
"ssp585",2097,-6.2,-25.3,-8,-3.8,-6.9,-9,-10.9,-17.3,-9.2,-13.4,-14.8,-7.9,-4.8,-2.5,-14.3,-7.9,-9.9,-10.3,-10.5,-2.5
"ssp585",2098,-6.1,-20.2,-7.4,-3.7,-6.7,-5.2,-10.6,-9.8,-7.1,-13.6,-13.4,-9.2,-6.6,-4.5,-10,-12.6,-6,-6.8,-8,-3.7
"ssp585",2099,-7.4,-20.5,-7.5,-5.2,-6.8,-6.6,-9.2,-6.6,-7.9,-12.4,-15.4,-7.4,-5.7,-4.5,-13.3,-11.6,-7.8,-8,-9.2,-4.5
"ssp585",2100,-8.3,-16,-7.3,-1.4,-5,-6.2,-7.3,-8.1,-10.7,-12.1,-5.6,-7.3,-5.3,-5.8,-13.5,-10.5,-10.4,-6.1,-10.4,-1.4
