"scenario","Year","ACCESS.ESM1.5","AWI.CM.1.1.MR","BCC.CSM2.MR","CanESM5","CNRM.CM6.1","CNRM.ESM2.1","EC.Earth3","GFDL.ESM4","GISS.E2.1.G","HadGEM3.GC31.LL","INM.CM5.0","IPSL.CM6A.LR","MIROC.ES2L","MIROC6","MPI.ESM1.2.HR","MPI.ESM1.2.LR","MRI.ESM2.0","NESM3","UKESM1.0.LL","ensemble"
"historical",1850,-20.1,-39.7,-20.7,-23.9,-22.6,-21.4,NA,-21.6,-20.4,-27.4,-27.4,-32.5,-13.9,-18.5,-22.3,-23.4,-16.3,-23.7,-29.6,-23.6
"historical",1851,-19,-37.8,-23.8,-24.4,-23.8,-22.5,-20.8,-18.9,-22.6,-33.8,-22.8,-30.3,-12.5,-18.8,-20.6,-25.4,-15.2,-20,-32.1,-23.4
"historical",1852,-21,-38.3,-29,-22.9,-22.1,-21.3,-20.3,-20.8,-21.1,-35.1,-28.3,-29.8,-13.6,-20,-22.6,-23.9,-20.9,-18.8,-31.9,-24.3
"historical",1853,-20.9,-41.5,-23.4,-21.9,-20.6,-21.1,-23.8,-17.5,-22.7,-28.3,-26.8,-31.1,-19.9,-19.9,-22.8,-22,-19.7,-20.3,-28.2,-23.8
"historical",1854,-19.3,-35.7,-25.9,-19.4,-22,-22.9,-23.1,-19.2,-19,-28.2,-27.9,-32,-12.7,-18.8,-22.7,-23.6,-18.7,-23.3,-29.1,-23.3
"historical",1855,-20.8,-39.9,-24.2,-20,-23.4,-21.5,-20.7,-22.5,-21.8,-30.7,-27.6,-29.1,-14.7,-19.7,-23.8,-26.2,-18,-24.8,-30.8,-24.2
"historical",1856,-20.8,-38.3,-20.1,-22.6,-23.6,-20.6,-22.1,-21.9,-25.8,-26.7,-24.6,-28.9,-11.5,-17.9,-19.3,-23.7,-18.5,-19.6,-29.9,-23
"historical",1857,-17.6,-39.8,-26.1,-21.5,-22.9,-22.2,-22.5,-17.3,-22.1,-32,-25.3,-30.9,-11.3,-18.5,-22.5,-25.1,-24.7,-25.8,-29.8,-24.1
"historical",1858,-18.3,-35.4,-22.1,-24.9,-23.8,-22.2,-18.8,-26.6,-23,-33.3,-26.8,-32.1,-13,-22,-22.1,-24.2,-15.4,-24.1,-29.9,-24.1
"historical",1859,-17,-37.5,-21.4,-24.6,-22.6,-21.1,-19.7,-23.5,-18.8,-30.7,-28.8,-29,-15.6,-19,-20.6,-25,-16.4,-19.9,-27.5,-23.1
"historical",1860,-20.6,-40.3,-25.2,-22.1,-22,-21.7,-18.8,-20.8,-22.4,-29.5,-25.2,-28.9,-13.7,-20.9,-22.9,-25.1,-19.2,-14.5,-28.3,-23.3
"historical",1861,-21.2,-37.9,-22.2,-20.6,-22.7,-20.2,-21.9,-24.6,-21,-31.2,-27.7,-29.1,-13.1,-15.5,-26.9,-26.6,-17.5,-21.6,-30.6,-23.8
"historical",1862,-21.3,-38.2,-19.5,-22.7,-22,-19.8,-18.4,-22.6,-17.9,-29.5,-27,-27.3,-11.2,-17.6,-22.1,-24.9,-17.8,-23.5,-30.7,-22.8
"historical",1863,-18,-41.3,-24.3,-21.2,-24.3,-24.1,-20.8,-20.6,-18.8,-29.2,-27.2,-27.9,-12.7,-17,-24.2,-24.4,-18.3,-19.7,-28,-23.3
"historical",1864,-20.8,-36.8,-23.7,-21.5,-22.6,-19.7,-21.6,-24.1,-20,-30.8,-25.7,-33.2,-16.2,-20.5,-24.5,-23.4,-18.7,-20.9,-29,-23.9
"historical",1865,-18,-35.5,-25.1,-21.6,-21.8,-19.9,-23.6,-18.4,-20.5,-26.5,-26.4,-31.2,-12.7,-18.8,-26.4,-22.6,-21.5,-24.6,-30.7,-23.5
"historical",1866,-20,-35.2,-24.3,-24,-23.4,-22,-20.7,-20,-24.6,-30.5,-30.6,-30,-10.2,-19.4,-24.5,-24,-17.2,-23.4,-30.5,-23.9
"historical",1867,-20.4,-42.7,-22.4,-21.5,-22.6,-20.1,-20.7,-21.7,-22,-26.8,-26.9,-30.2,-17.3,-20.5,-19.5,-22.1,-20.2,-20.9,-29.2,-23.6
"historical",1868,-20.9,-32.7,-26.3,-21.4,-24.2,-20.9,-18.7,-27,-22.4,-31.8,-25.5,-31.1,-16.1,-19.2,-24,-26.2,-21.8,-21.9,-28,-24.2
"historical",1869,-19.7,-28.1,-19.7,-20.4,-23.2,-20.4,-21.3,-18.4,-24.2,-23.8,-26,-27.8,-13.8,-17.2,-22.3,-23.6,-17.6,-19.1,-31.2,-22
"historical",1870,-20,-37,-21.2,-23.2,-24,-20.7,-18.1,-21.5,-18.9,-30.4,-25.8,-29.3,-15.8,-15.8,-24.3,-24.9,-18.3,-23.3,-29.7,-23.3
"historical",1871,-18.4,-42.4,-22.7,-21.8,-23.9,-21.1,-17.9,-21.1,-18.4,-29.4,-25.6,-29.7,-13.4,-20.5,-25.7,-24.6,-16.6,-23.7,-29.9,-23.5
"historical",1872,-18.4,-43.2,-26.8,-23.4,-23.6,-19.9,-17.2,-21.2,-25.8,-26.9,-23,-29.8,-11.7,-15.8,-18,-25.3,-19.8,-20.7,-29,-23.1
"historical",1873,-19.5,-40,-22,-25.4,-23.3,-20.6,-20,-20.2,-17.8,-31.8,-24.4,-30.6,-12.3,-17.6,-22.4,-25.1,-16.5,-20.4,-31.6,-23.2
"historical",1874,-17.6,-37.3,-21.4,-23.1,-22.7,-22.9,-24.2,-20.8,-19.6,-27.6,-26.8,-28.4,-14.1,-16.2,-18.8,-22,-19.2,-21.3,-31,-22.9
"historical",1875,-19.1,-40.3,-19.9,-23,-22,-21.5,-17.5,-17.7,-24.9,-28.1,-27.3,-28.3,-14.8,-18.4,-21.2,-24.1,-21.3,-21.6,-29.5,-23.2
"historical",1876,-20,-36.9,-21.1,-20.7,-23.9,-20.9,-23.4,-24.2,-23.8,-30.9,-22.8,-28.6,-14.8,-17.8,-20.5,-22.4,-19.3,-22.6,-29.8,-23.4
"historical",1877,-20.5,-31.2,-19.1,-21.1,-23.3,-21.8,-25.1,-25.4,-24.1,-28.4,-24.8,-28.1,-14.3,-18.7,-24.4,-25.2,-16.2,-25.4,-28.8,-23.5
"historical",1878,-20.2,-34.5,-25,-22.3,-23.3,-21.4,-18.8,-21.4,-18.8,-29.5,-23.4,-29.7,-17.2,-15.2,-22.8,-22.9,-17.5,-23.4,-29,-23
"historical",1879,-19.6,-42.3,-23.6,-23.7,-22.4,-20.6,-17.1,-24.2,-20.6,-27.9,-24.3,-29,-9.8,-17.5,-23.2,-25.9,-17.9,-19.4,-31.6,-23.2
"historical",1880,-20.8,-38.2,-22.5,-22.9,-22,-19.3,-24.1,-22.1,-23.6,-27.5,-26.7,-26.9,-13.3,-18.1,-25.7,-25.5,-17.4,-18.9,-28.2,-23.4
"historical",1881,-19.8,-35.8,-23.6,-22.4,-22.9,-23.8,-16.8,-22.5,-19.9,-29.4,-24.6,-28.7,-13.4,-19.5,-20.8,-22.7,-20.1,-22.9,-29.4,-23.1
"historical",1882,-19.9,-36.1,-22,-23.1,-21.9,-21,-20.9,-27.6,-18.6,-30.6,-27.6,-28,-10.3,-16.6,-23.4,-25,-18.7,-22.9,-28.6,-23.3
"historical",1883,-20,-35.9,-23.9,-22.7,-26,-23.8,-19.8,-21.8,-18.7,-31.2,-25.6,-29,-12,-18.2,-22.6,-22.9,-19.9,-24,-29.1,-23.5
"historical",1884,-18,-36,-25.2,-24.6,-23.5,-22.3,-16.6,-20.8,-21.1,-28.3,-25.7,-29.9,-17.2,-19.4,-24.5,-24.6,-19.9,-23.7,-32.6,-23.9
"historical",1885,-20.6,-41.1,-24.9,-25,-25.4,-22.1,-20.5,-22.6,-29.3,-26.4,-25,-27.3,-12.3,-19.8,-24.1,-22.1,-20.7,-20.1,-32,-24.3
"historical",1886,-18.7,-39.3,-19.4,-21.8,-22.9,-21.6,-19.7,-21.9,-23.7,-30.7,-23.3,-30.4,-12.7,-20.5,-23.1,-24.4,-17,-22.7,-26.3,-23.2
"historical",1887,-20.1,-41.8,-17.1,-22.9,-22,-22.7,-22.8,-23.8,-22.6,-30.2,-26.3,-26.6,-14.6,-19.2,-26.4,-22.9,-20.1,-23.4,-28.4,-23.9
"historical",1888,-17.8,-34.6,-20.5,-22.4,-23.1,-20,-21.8,-28.3,-21.3,-26.6,-27.8,-32.3,-11.3,-19.8,-26.4,-23,-21.3,-18.8,-28.8,-23.5
"historical",1889,-19.1,-40.6,-18.6,-25.2,-22.8,-21.9,-20.6,-15.3,-20,-30.1,-22.1,-29,-12,-20.1,-22.4,-23.9,-19.2,-22,-29.7,-22.9
"historical",1890,-18.5,-31.1,-28.2,-22.6,-24.5,-21.8,-22.4,-25.8,-23.1,-32.3,-28.2,-31.3,-14.8,-16.2,-23.7,-23,-13.7,-23.1,-28.1,-23.8
"historical",1891,-19.6,-38.3,-21.4,-24.9,-23.2,-21.1,-21.5,-21.3,-18.6,-32.9,-29.6,-26.6,-13.9,-19.1,-24.1,-23.2,-19.8,-22.8,-29.2,-23.7
"historical",1892,-19.2,-37.9,-19.9,-23.5,-20,-23.1,-20.1,-24.7,-24.7,-29.8,-29.6,-27.2,-14.5,-19,-24.5,-24.2,-20.7,-21.3,-30.2,-23.9
"historical",1893,-19.9,-40,-20.8,-22.9,-25.1,-20.9,-19.8,-20.6,-20.5,-30,-23.2,-24.8,-14.8,-16.1,-23.2,-28.1,-16,-20.8,-30.2,-23
"historical",1894,-19.5,-38.4,-25.4,-22.9,-21.1,-20.3,-20.6,-17.8,-18.2,-32.9,-25.7,-26.8,-11.4,-16.6,-27.1,-24.3,-21.3,-21.4,-30.3,-23.3
"historical",1895,-20.2,-38.5,-33.3,-23.3,-24.2,-21,-18.1,-18.2,-24.2,-32.6,-26.3,-29.4,-11,-15.7,-22.3,-24.8,-20.7,-21.5,-31,-24
"historical",1896,-18.3,-37.8,-17.5,-22.1,-22.9,-18.6,-22.1,-20.6,-18.1,-31.5,-27,-25.7,-15,-18.3,-19.6,-22.1,-17.1,-21.9,-28.3,-22.3
"historical",1897,-21.4,-32.5,-18.1,-17.9,-22,-19.9,-22,-19.8,-23.1,-26.2,-27,-27.8,-15.1,-14.8,-23.4,-26,-17.2,-20,-30.2,-22.3
"historical",1898,-18.7,-36.9,-25.3,-21.2,-21.7,-22.6,-21.8,-20.6,-21.2,-27,-28.5,-27.9,-12.2,-15.1,-24.7,-22.1,-20.9,-20,-29.8,-23.1
"historical",1899,-20.1,-36.6,-27.3,-20.9,-24.1,-19.3,-21.4,-20.9,-22.3,-26.7,-27.8,-30.1,-12.7,-19.3,-24.4,-21.9,-17.5,-23,-29,-23.4
"historical",1900,-18.1,-35.8,-26.4,-19.2,-23.9,-21.5,-19.9,-18,-24.6,-29.9,-24.9,-30.4,-15.3,-18.2,-18.3,-24.2,-21.6,-22.6,-30.5,-23.3
"historical",1901,-19,-36.1,-26.5,-23.9,-23,-21.2,-21.4,-18.9,-17.8,-29,-22.7,-26.1,-13.8,-18,-22.1,-25.1,-18.5,-19.4,-27.7,-22.6
"historical",1902,-18.9,-35.3,-23,-24.2,-21.8,-20.5,-22.1,-18.6,-22.2,-32.1,-23,-26.2,-11.7,-19.7,-23.8,-23.7,-23.7,-19.5,-30.5,-23.2
"historical",1903,-19.4,-35.9,-18.9,-23.2,-24.2,-23.8,-19.2,-23.7,-23.6,-29,-24.2,-26.5,-14.3,-17.4,-21.2,-22.9,-20.5,-20,-31.9,-23.1
"historical",1904,-20.9,-33.5,-23.7,-23.1,-22.4,-22.8,-21.7,-22.9,-22.2,-26.3,-28.8,-28.9,-13.5,-16.7,-23.7,-22,-17.2,-20.4,-27.3,-23.1
"historical",1905,-20.1,-41.7,-20.4,-21.3,-22.7,-21.8,-21,-18.9,-22.4,-29.4,-25.5,-27.8,-15.1,-17.8,-20.5,-27.6,-16.6,-20.9,-30.8,-23.3
"historical",1906,-18.6,-39.4,-23.6,-27.2,-21.1,-23.9,-22.5,-24,-21.4,-26.4,-27.1,-25.5,-11.5,-18.6,-22.8,-23.9,-15,-24,-30.1,-23.5
"historical",1907,-19.4,-32.4,-22.4,-22.3,-24.2,-20.7,-19,-25.5,-25.6,-30.1,-27.1,-28.2,-10.8,-18.6,-24.3,-22.9,-15,-18.8,-29.5,-23
"historical",1908,-21.6,-35.3,-23.3,-18.4,-24.6,-21.4,-21.9,-20.5,-21.6,-31.2,-25.6,-27.7,-12.2,-19.6,-20.2,-24.2,-16.9,-21.5,-29.5,-23
"historical",1909,-18.7,-41.6,-26.1,-22.3,-21.6,-21.3,-20.3,-19.1,-18.8,-29.7,-24.5,-27.7,-14.1,-16.6,-27.7,-25.2,-23.9,-18.4,-28.8,-23.5
"historical",1910,-19.5,-40.9,-21.8,-22.6,-23,-21.7,-20.4,-16.6,-19.5,-31.4,-27.5,-28.2,-12.1,-19.9,-20.4,-25.1,-17.3,-21.4,-31.3,-23.2
"historical",1911,-20,-37.7,-29,-21.2,-21.1,-21.9,-21.5,-18.9,-20.6,-29.6,-27.8,-24.3,-17.3,-19.7,-24.8,-23.7,-21.2,-18.2,-30.6,-23.6
"historical",1912,-20.8,-35.5,-24.9,-22.2,-21.3,-24,-21.9,-25.5,-21,-30.4,-22.6,-28.3,-14,-19.3,-20.1,-23.1,-19.1,-23.5,-30.8,-23.6
"historical",1913,-19.9,-38.6,-24.2,-23.4,-22.8,-20.4,-18.7,-18.5,-21,-31.3,-24.9,-24.4,-14.5,-18.4,-25.9,-21.8,-15.8,-23,-29.2,-23
"historical",1914,-19.2,-35.9,-19.7,-22,-20.6,-22.1,-18.1,-25.5,-19.2,-28.5,-25.8,-27.9,-13.8,-15,-18.9,-25.2,-18.5,-20.1,-32.5,-22.6
"historical",1915,-20.2,-30.7,-18.9,-21.7,-21.2,-21.5,-22.6,-21.3,-19.7,-26.4,-27.2,-28.5,-13.6,-20.6,-21.3,-21.7,-18.9,-21.9,-29.8,-22.5
"historical",1916,-17.5,-41.3,-22.3,-19.8,-22.7,-21,-20.5,-24.8,-23.5,-27.8,-24.5,-26.6,-11.6,-18.4,-25.4,-23.8,-17.4,-20.7,-27.4,-23
"historical",1917,-19.2,-39.9,-24.3,-21.6,-21.2,-18,-22.3,-19,-18.6,-31.4,-23.6,-29.3,-14.3,-20.1,-24.2,-24.8,-18.7,-20.6,-28.3,-23.1
"historical",1918,-18.5,-33.4,-18.4,-20.6,-22.8,-19.7,-22.2,-19.4,-21.1,-28.6,-22.5,-25.3,-15.1,-18,-22.8,-22.5,-22,-22.2,-30.8,-22.4
"historical",1919,-21.8,-36.5,-30.2,-20.4,-22.7,-22.6,-20.9,-16.4,-18.3,-32,-25.7,-26.9,-16.2,-16.3,-20.5,-22.1,-21.3,-21.7,-30.4,-23.3
"historical",1920,-21.5,-38.3,-21.8,-21.7,-22.3,-19.3,-18.2,-15.7,-22.1,-28.7,-26.7,-25.5,-11.9,-17.2,-23,-25.4,-18,-18,-29.1,-22.3
"historical",1921,-20.7,-39.9,-24.8,-22.2,-23.6,-21.5,-18.6,-18.9,-19.6,-28.6,-20.4,-27.1,-11.4,-19.5,-22.7,-19.8,-18.4,-22.7,-29,-22.6
"historical",1922,-20,-39.6,-20.5,-21,-22.4,-21.5,-23.3,-23.6,-20.9,-28.6,-25.1,-24.8,-12,-17.1,-25.3,-24.2,-21.5,-23,-30.5,-23.4
"historical",1923,-20.9,-37.3,-23.7,-17.1,-21.4,-20.8,-21.8,-21.7,-22.2,-26.8,-22.6,-27.2,-14.9,-14.7,-24.2,-22.1,-16.3,-20.1,-30.8,-22.5
"historical",1924,-20.1,-34.7,-16.1,-19,-25.6,-20.3,-17.6,-21,-21.4,-27,-25.7,-27.8,-14.1,-20.7,-21.7,-23.3,-17.9,-19.9,-30.3,-22.3
"historical",1925,-20.6,-28.5,-24.5,-21.5,-22.8,-23.6,-20.4,-17.5,-18.1,-27.7,-26.5,-31.1,-14.2,-16.5,-21.3,-20.8,-16.9,-22.6,-29.8,-22.4
"historical",1926,-19.9,-35.3,-24.6,-22.8,-24.7,-23.1,-20.3,-20.8,-19.8,-29.4,-23.3,-26.8,-15.6,-16.5,-22.1,-25.4,-20.9,-21.8,-27.6,-23.2
"historical",1927,-18.3,-35.7,-23.5,-19.9,-22.5,-22.1,-20.8,-20.1,-19.8,-27.2,-23.3,-25.5,-10.2,-19,-23.4,-24.9,-17,-17.9,-29.8,-22.2
"historical",1928,-19.2,-37,-21.2,-22,-23.6,-20.2,-20.3,-15.2,-19.3,-31.3,-28.1,-30.6,-13.1,-19.4,-21.7,-23.4,-18.4,-23,-28.3,-22.9
"historical",1929,-19.9,-37,-21,-22.7,-23.1,-19.1,-19.4,-20.1,-21.4,-25.8,-26.4,-29.4,-12.7,-16.5,-23,-23.8,-21.8,-22.5,-30,-22.9
"historical",1930,-19.4,-33.9,-23,-19.9,-21.8,-20.5,-21.4,-18.8,-19.1,-28.9,-27.5,-29.2,-10.9,-16.6,-23.1,-23.4,-19.8,-17.9,-28.1,-22.3
"historical",1931,-19.7,-38.2,-21.4,-20.6,-20.6,-17.7,-20,-24.1,-22,-27,-23.9,-32.5,-14.5,-18.6,-23.8,-21.5,-23.4,-19.7,-26.3,-22.9
"historical",1932,-20.8,-42.1,-24.8,-24.4,-23,-21.2,-20.4,-21.5,-21.7,-28.9,-26.3,-28.1,-14.5,-18.2,-21.1,-24.6,-20.7,-18.6,-29.2,-23.7
"historical",1933,-19.8,-38.6,-24.7,-19.4,-19.6,-20.3,-20.9,-19.4,-21.6,-34.2,-23.4,-26.7,-15,-17.1,-19.6,-25.8,-20.2,-24.4,-29.9,-23.2
"historical",1934,-19,-37.2,-27.2,-24.2,-23.1,-20.1,-22,-17.9,-23.2,-30.4,-27.7,-26.9,-14.7,-19.4,-20.4,-24.6,-19.9,-23.6,-31.4,-23.8
"historical",1935,-21.2,-32.5,-25.7,-22.7,-23.9,-20.3,-21.3,-18.5,-20.1,-28.3,-21,-29.7,-11.7,-16.7,-23.5,-23.9,-14.7,-18.6,-28,-22.2
"historical",1936,-19.6,-33.4,-22.9,-21.9,-21.7,-18.9,-19.7,-15.3,-19,-29.7,-27.2,-29.4,-13.1,-17.9,-19.4,-22.2,-18.9,-19.1,-29.3,-22
"historical",1937,-19.3,-36,-21.2,-20.5,-23.1,-23.7,-21.2,-22.1,-19.1,-28.5,-23.8,-27.5,-11.9,-20,-22.8,-22.9,-17.4,-21.1,-31.2,-22.8
"historical",1938,-20,-36.3,-21.8,-24.7,-24.5,-21,-20.3,-22.2,-24.7,-33,-26.3,-27.7,-12.6,-14.6,-23.6,-24.4,-18.9,-22.5,-29.1,-23.6
"historical",1939,-20.7,-36.7,-26.9,-21.2,-22.6,-20.1,-22.1,-24.3,-21.9,-28.7,-24.3,-29.9,-12.1,-18.3,-24.8,-23.1,-14,-17.9,-27.6,-23
"historical",1940,-18.8,-34.6,-22.6,-19.8,-25.6,-18.6,-19.2,-15.5,-23.4,-27.8,-27.6,-28.5,-11.4,-18,-21.1,-21.6,-17.6,-20,-28.2,-22.1
"historical",1941,-19.2,-36.7,-29.9,-21.3,-22.1,-21.4,-19.6,-17.1,-21.8,-31.5,-23.7,-28.5,-13.2,-19.6,-25.2,-23.5,-13.1,-22.3,-28.1,-23
"historical",1942,-21.1,-41.1,-20.5,-20.8,-21.2,-18.6,-19.9,-23.2,-21.4,-33.7,-24.4,-24.6,-12.8,-21,-22.2,-23.7,-21.2,-19.8,-30.5,-23.2
"historical",1943,-21.3,-34.7,-23.5,-23.5,-20.7,-20.7,-21.2,-18.1,-17.8,-29.6,-22.7,-26.3,-13.5,-18.7,-24.7,-21.6,-18,-21.1,-29.6,-22.5
"historical",1944,-19.1,-36.3,-19.4,-19.6,-23,-21.4,-25.1,-22.8,-21.2,-26.4,-24.8,-28,-11.5,-15.6,-23,-23.7,-15.9,-25.3,-29.9,-22.7
"historical",1945,-20.5,-34.7,-23.3,-18.9,-23.4,-20.1,-22.3,-19.3,-21.5,-26.9,-28.3,-29,-12,-15.4,-21.8,-24.4,-15.8,-18.2,-28.7,-22.3
"historical",1946,-20.2,-40.5,-24.3,-24.2,-22.8,-20.7,-19.2,-22.7,-25.6,-32.5,-27.1,-29.4,-10.8,-15,-24.5,-26.5,-19.1,-23.9,-29.6,-24.1
"historical",1947,-19.3,-34.3,-20.8,-22.3,-24.5,-20.4,-23.1,-18.2,-24.5,-27.5,-24.5,-27.8,-19.5,-17.1,-21,-22,-17.4,-16.6,-27.3,-22.5
"historical",1948,-20.4,-38.1,-19,-23.6,-21.2,-17.9,-18.1,-19.5,-17.6,-29.2,-25.4,-27.9,-17.8,-19.2,-23.5,-23.1,-15.3,-19.6,-30.3,-22.5
"historical",1949,-19.5,-30.5,-23.8,-22.3,-24.7,-21.7,-21.7,-17.1,-19.4,-27.2,-23.6,-25.7,-12.9,-16.4,-24.5,-22.4,-13.4,-23.3,-30.1,-22.1
"historical",1950,-19.7,-36.7,-24,-17.9,-21.1,-21.8,-19.6,-20.7,-21.5,-29.1,-23.7,-28,-16.3,-19.2,-25.2,-24.4,-18,-21.4,-30.5,-23.1
"historical",1951,-18.9,-37.1,-21.6,-23,-23.6,-20.8,-18.8,-23.2,-21,-31,-23,-26.5,-14.6,-16.5,-24.1,-21.4,-22.2,-17.3,-29.1,-22.8
"historical",1952,-19,-38.6,-19.7,-21.6,-20,-19.1,-19.1,-22.6,-18.8,-26.3,-25.4,-27.7,-16.5,-19.6,-21.1,-23.4,-17.6,-19.3,-27.9,-22.3
"historical",1953,-17.5,-33.4,-27.8,-23.1,-21.4,-20,-18.8,-19.5,-21.6,-24.9,-28.1,-25.7,-11.9,-18.7,-22.1,-22.8,-23.2,-17,-28.6,-22.4
"historical",1954,-17.1,-34.4,-20.5,-21.8,-23.3,-19.7,-18.2,-20.3,-19.4,-28.8,-25.8,-27.8,-12,-17.7,-21.5,-20.1,-16.5,-19.5,-27.1,-21.7
"historical",1955,-19.3,-38,-21.6,-22,-20.6,-20.5,-23.2,-16.1,-19.2,-30.4,-26.4,-27.8,-20.1,-16,-23.5,-21.6,-17.7,-22,-27.2,-22.8
"historical",1956,-18.6,-36.4,-20.6,-21.4,-21.5,-22,-16.4,-21.3,-21,-26.1,-25.3,-31.3,-14.8,-17.3,-21.6,-24.7,-15.2,-17.5,-30.5,-22.3
"historical",1957,-20.6,-33.8,-19.8,-20,-22.8,-18.5,-21,-22.1,-21.7,-25.2,-27.9,-24.4,-11.7,-18.9,-20.2,-25.3,-18.9,-20.4,-28.8,-22.2
"historical",1958,-18.6,-33.1,-22.4,-22.3,-20.9,-21.2,-18.2,-20.9,-17.4,-25.4,-23.9,-24.5,-15.1,-20,-24,-23.9,-17.3,-19.8,-30.1,-22.1
"historical",1959,-18.6,-37.5,-21.1,-21.1,-21.9,-16.7,-18.4,-18.8,-23.1,-28.6,-25.6,-30.2,-16.9,-17.6,-23.8,-24.4,-19.5,-23.3,-28.2,-22.9
"historical",1960,-19.1,-36.3,-22.6,-23,-22.9,-19.1,-18.2,-15.9,-19.5,-31.3,-26.8,-29,-14.9,-16.7,-22,-23.1,-15.1,-24.1,-29.2,-22.6
"historical",1961,-19.9,-36.2,-25.6,-19.4,-23.5,-21.4,-19.7,-18.8,-15.7,-27,-27.9,-26.1,-13.4,-17.6,-21.2,-22,-20.6,-22.8,-30.9,-22.6
"historical",1962,-21.6,-36.2,-18.4,-23.1,-21.4,-20.6,-17.5,-25.5,-18.8,-32.5,-25.6,-27.3,-17.4,-18.5,-22,-24.3,-19.1,-21.6,-27.5,-23.1
"historical",1963,-18.5,-34.8,-26.6,-20,-20.7,-18.6,-20.9,-14.6,-24.6,-29.9,-23.7,-24.7,-15.4,-17.8,-23.5,-23.2,-18.6,-23.3,-27.2,-22.5
"historical",1964,-18.8,-33.7,-23.5,-22,-22.3,-21.4,-19.5,-23.2,-22.5,-31.1,-25.1,-28.4,-16,-18.9,-20.3,-23.5,-20,-22.1,-29.3,-23.2
"historical",1965,-19.3,-41.3,-23.5,-20.9,-22.2,-22.5,-20.7,-23.4,-20.6,-28.5,-27.8,-28.1,-18.2,-16.4,-21.7,-23.6,-17.7,-21.3,-28.7,-23.5
"historical",1966,-19,-30,-19.2,-26.2,-22.1,-20.3,-18.2,-17.5,-20.7,-26.7,-22,-29.3,-14.2,-19.4,-22.8,-20.7,-20.8,-17.1,-31.4,-22
"historical",1967,-19.5,-39,-24.3,-22.1,-22.8,-21.5,-18.7,-18.3,-22.9,-27.7,-29,-27.6,-13,-21.9,-20.7,-22.2,-18,-20.9,-30.2,-23.2
"historical",1968,-19.4,-38.2,-27.2,-20.2,-21.5,-21.4,-19.5,-16.3,-19.2,-30.1,-21.9,-29.2,-11,-16.7,-23.9,-22.6,-18.5,-21.1,-27.2,-22.4
"historical",1969,-19.7,-33.9,-22.2,-24.2,-24,-20.6,-17.6,-23.3,-19.8,-31.1,-26,-29.7,-13.9,-18,-24.5,-24.2,-22.2,-20.3,-28.5,-23.4
"historical",1970,-20.5,-38,-22.4,-20.3,-23.8,-22.4,-21.2,-20.6,-21.4,-29.6,-26.3,-27.6,-13.6,-17.8,-20.8,-22.4,-16.4,-23.1,-29.5,-23
"historical",1971,-19.9,-39.9,-20.4,-21,-22,-20.8,-18,-18.1,-17.8,-29.7,-29.2,-29.9,-12.2,-16.7,-22,-22.5,-15.4,-19.5,-29.6,-22.3
"historical",1972,-19.6,-34.7,-31.4,-23.7,-21.3,-20.9,-21.8,-20.8,-17.7,-29,-28.4,-25.3,-15.2,-16.1,-21.4,-23.8,-17.9,-20.4,-29.3,-23.1
"historical",1973,-21.3,-35.7,-22.9,-20.5,-25.2,-21,-20.4,-23.5,-21,-32.1,-28,-28,-12.9,-17,-21.9,-21.6,-14.5,-23.4,-28.1,-23.1
"historical",1974,-19.4,-36.5,-21.5,-23.9,-23,-20.8,-16.2,-21.4,-20.8,-26.9,-22.9,-26.7,-13.2,-17.9,-21.8,-21.7,-21.3,-19.4,-29.3,-22.3
"historical",1975,-19.6,-37.9,-24.1,-22.1,-24,-22.9,-22.3,-19.1,-22.8,-27,-26.5,-26.8,-15.4,-17.2,-18.6,-24.8,-17.5,-24.1,-31.1,-23.4
"historical",1976,-19.7,-36.4,-23.7,-20.3,-22.8,-20.1,-20.7,-19.3,-21.4,-29.8,-23.4,-28.7,-10.3,-17.5,-22.2,-25.2,-20,-17.3,-30.8,-22.6
"historical",1977,-19.9,-38.3,-22.8,-19.2,-24.3,-19.9,-19,-20.2,-25.2,-27.9,-25.5,-27,-12.7,-17,-21.2,-22.1,-16.8,-19.4,-30.2,-22.6
"historical",1978,-19.7,-34.1,-22.4,-20.9,-23.3,-20.7,-18,-20.7,-20.6,-30.1,-25.2,-27.2,-12.9,-17,-19.4,-23.4,-17.1,-23.7,-28.2,-22.3
"historical",1979,-19.1,-36.2,-19.6,-19.1,-22,-22,-19.2,-22,-20.6,-29.7,-22.5,-24.8,-12,-15.9,-22.9,-23.8,-15.3,-16.8,-30,-21.8
"historical",1980,-18.8,-37.9,-25,-24.5,-21.3,-19.3,-17.7,-20.8,-18.6,-31.9,-23.9,-26.1,-10.8,-16.1,-21.7,-21.9,-18.6,-19.5,-27.2,-22.2
"historical",1981,-19.3,-36.5,-24.8,-21.4,-21.4,-22.1,-19.9,-21.7,-23.2,-30.8,-24.2,-26.2,-11.6,-16.5,-20.3,-20.1,-16.6,-19.8,-29,-22.4
"historical",1982,-18.4,-34.5,-17.5,-19.5,-21.7,-19.4,-21.8,-18.8,-21.4,-24.6,-22.9,-25.9,-12.2,-19,-22,-22.3,-14.3,-21.7,-27.7,-21.3
"historical",1983,-19.7,-37.3,-16.2,-23.4,-20.5,-20.8,-20.2,-21.1,-24.4,-29.4,-27.4,-27.1,-13.7,-18.2,-24.2,-22.7,-16.5,-21.2,-27.1,-22.7
"historical",1984,-19.8,-35.5,-25.3,-22.8,-21.7,-20.3,-20.6,-17.4,-20.1,-30.3,-24.3,-28.9,-17.8,-16.3,-20.5,-21.4,-16.6,-23,-29.4,-22.7
"historical",1985,-19.5,-36.8,-23.2,-20.3,-23.2,-18.4,-18.6,-19.3,-21.1,-32.2,-24,-29.9,-12.8,-19.1,-21.5,-23.7,-16.4,-21.8,-28.9,-22.7
"historical",1986,-18.7,-37.2,-19.3,-22.1,-20.8,-21.8,-23.4,-19.4,-19.3,-27.2,-24.7,-27.9,-8.5,-20,-22.1,-20.9,-18.7,-20.8,-29.6,-22.2
"historical",1987,-18.4,-29.6,-21.9,-23,-22.2,-20.5,-19.5,-22.6,-22.3,-26.2,-26.1,-26.3,-11.5,-18.1,-21.2,-20.6,-17.4,-20.7,-30.8,-22
"historical",1988,-18.3,-35.6,-22.3,-20.7,-22.9,-19.5,-21.4,-17.5,-15.8,-26.6,-26.1,-25.1,-14.8,-15.5,-19.9,-22.6,-15.7,-17.7,-29.5,-21.4
"historical",1989,-18,-41.5,-20.3,-18.8,-22.4,-20.7,-21.7,-21.2,-19.4,-29.1,-28.3,-27.9,-14.5,-18.2,-21.2,-22.5,-17.9,-24.4,-26.5,-22.9
"historical",1990,-19.3,-27.2,-22.6,-23.6,-19.5,-18.9,-17.8,-17.2,-16.9,-30.7,-27,-27.9,-13.5,-15.3,-22.3,-23.2,-14.8,-17.8,-27.2,-21.2
"historical",1991,-20.5,-32.6,-19.8,-19.9,-20.6,-21.2,-21.8,-14.3,-17.4,-25.9,-24.6,-26,-14,-20.9,-21.5,-19.1,-17,-21.9,-28.1,-21.4
"historical",1992,-19.2,-32.6,-22.6,-20.5,-20.9,-21.8,-19.4,-18.6,-20.5,-26.4,-25,-21.8,-11.4,-17.7,-20.5,-24.6,-17.5,-21.4,-29.7,-21.7
"historical",1993,-18.4,-32,-21.5,-21.2,-23.6,-17.6,-21.7,-20.9,-19.7,-27.3,-25,-27.3,-14.9,-16.1,-20.3,-24.2,-17.3,-23.9,-29,-22.2
"historical",1994,-19,-35.3,-26,-21.7,-20.5,-20.2,-19.4,-23,-21.3,-28.4,-25.4,-31.2,-17.6,-16.2,-20.3,-22.9,-17.5,-21.9,-28.4,-23
"historical",1995,-21.4,-33.3,-21.7,-21.3,-19.8,-21.3,-19.2,-24.2,-17.3,-30,-22,-31.3,-17.2,-16.6,-19,-23.4,-17.2,-20.8,-30.5,-22.5
"historical",1996,-19.9,-38.6,-23.2,-20.6,-21.3,-21.9,-18.4,-19.1,-23.1,-28.4,-28.3,-27.4,-10.9,-17.9,-20.7,-23.5,-17.2,-20.5,-28.4,-22.6
"historical",1997,-17.9,-36.8,-23.4,-19.5,-21.5,-17.5,-18.3,-18.6,-15.1,-33,-23.7,-25.5,-16.6,-19.6,-22.7,-22.2,-19.9,-18.7,-29.5,-22.1
"historical",1998,-19.3,-38.6,-19.4,-21.2,-21.1,-20.7,-22.2,-20.6,-22.8,-30.4,-26.2,-26.2,-12.5,-17.6,-22.6,-19.8,-14.5,-23.7,-26.2,-22.4
"historical",1999,-20.8,-30.4,-21.5,-18.8,-22,-18.3,-20.3,-21,-19.4,-26.1,-26.8,-28.1,-11.9,-16.1,-22.9,-23.6,-14.1,-19.1,-28.4,-21.6
"historical",2000,-19,-31.4,-23.3,-19.1,-22.3,-20.8,-17.9,-14,-22.5,-29.2,-21.1,-26.2,-14.4,-17.1,-17.5,-22.6,-20.4,-20.2,-29.2,-21.5
"historical",2001,-19.3,-33.8,-14.7,-20.5,-20.9,-20.7,-19.6,-21.5,-24.9,-29.4,-22.9,-30,-12.3,-18.2,-23.9,-21.5,-17.3,-20.6,-27.5,-22.1
"historical",2002,-19.7,-38.6,-27.1,-21.3,-21.3,-20.2,-20.4,-18.8,-20.9,-28.4,-24.9,-27.2,-14.6,-16,-21.1,-21.8,-18.9,-19.7,-28.9,-22.6
"historical",2003,-16.9,-30.4,-17.6,-17.4,-22.1,-18.7,-18.6,-20.9,-18.5,-26.6,-23.5,-23.6,-11.8,-16.1,-17,-21.8,-14.6,-17.5,-25.4,-19.9
"historical",2004,-18.1,-33.8,-18.5,-20.1,-19,-17.9,-19.4,-14.6,-20.4,-28.2,-27.6,-25.1,-16,-16.6,-21.9,-18.6,-14.7,-20.4,-28.6,-21
"historical",2005,-20.5,-37,-28.1,-19.9,-21.3,-18.3,-21.8,-15.2,-22.2,-27.6,-23.6,-28,-8.8,-14.9,-19.5,-19.5,-18,-21.4,-28.5,-21.8
"historical",2006,-16.4,-34.2,-20.9,-22,-22,-18.9,-19.4,-19.3,-21.2,-30.9,-24.1,-25.9,-8,-18.3,-19.2,-21,-18.7,-19.8,-30.4,-21.6
"historical",2007,-18.2,-35.9,-23.7,-19.4,-20,-18.6,-14.5,-19.9,-22.8,-25.9,-23.5,-22.8,-12.8,-15.4,-18.2,-22,-16.8,-21,-27.9,-21
"historical",2008,-18.5,-37.5,-17.3,-20.4,-20.8,-19.8,-19.9,-24,-19.5,-29.5,-26.3,-26.2,-8,-16.6,-19.9,-19.6,-14,-21.2,-27.5,-21.4
"historical",2009,-18.3,-37.4,-19.9,-19.4,-21.9,-19.8,-19.6,-19,-19.3,-30.3,-24,-27.7,-11.2,-18.9,-23.6,-22.8,-15.7,-20.3,-27.1,-21.9
"historical",2010,-18.6,-30,-21.4,-20.2,-21,-19.7,-18.1,-13.7,-24.5,-25.4,-24.2,-26.4,-11.2,-16,-19,-20.7,-18.8,-19.1,-28.9,-20.9
"historical",2011,-16,-35.7,-16.4,-22.1,-22.1,-17.7,-18.4,-18,-19.6,-25.2,-27.1,-31.3,-12.8,-16.4,-21,-21,-14.3,-18.5,-26,-21
"historical",2012,-17.4,-35,-18.5,-18.8,-20.6,-17.4,-20.6,-20.5,-20.9,-24.8,-22.2,-23.9,-13.7,-13.8,-19.4,-19.9,-20.6,-18.9,-28.6,-20.8
"historical",2013,-18.7,-39.2,-24.1,-18.3,-21.2,-19.5,-19.4,-17.2,-21.5,-27.5,-26.1,-26.5,-13,-18.8,-17.9,-22.4,-20.3,-18.2,-24.7,-21.8
"historical",2014,-17.5,-34.9,-20.1,-16.5,-21.5,-21.1,-15.8,-17.3,-18.7,-28.5,-23.7,-24.2,-12.7,-17.7,-20.5,-22.6,-14.9,-18.9,-25.9,-20.7
"ssp126",2015,-18.5,-35,-20.1,-18.2,-22.5,-20.2,-18.5,-27.9,-20.1,-26.5,-29.2,-20.7,-9.3,-19.6,-23,-23.5,-20.8,-24.8,-26.8,-22.4
"ssp126",2016,-18.4,-32.6,-28.8,-21.4,-20.2,-20.5,-19.6,-22,-20.9,-24.1,-33.9,-28.2,-6.2,-15.6,-22,-22.3,-14.9,-24.6,-27.9,-22.3
"ssp126",2017,-17.9,-30.3,-30.8,-18.3,-18.7,-16.5,-20.8,-13,-18.3,-20.9,-20.4,-32.2,-19.7,-14.2,-20.6,-20,-21.1,-19.4,-27.2,-21.1
"ssp126",2018,-17,-34.2,-21.3,-18.4,-22.8,-19.4,-19.5,-23.8,-20.8,-29.3,-14.8,-24.6,-10.2,-15.8,-19,-20.6,-28.3,-22.6,-25.3,-21.5
"ssp126",2019,-18.7,-31.9,-9.8,-19,-19.8,-22,-18.6,-17.7,-22,-24.8,-18.8,-23.1,-5.6,-17.8,-20,-21.1,-19.6,-19.1,-25.9,-19.8
"ssp126",2020,-16.1,-38.3,-14.7,-19.6,-19.8,-15.9,-20.4,-21.1,-18.1,-24.8,-24,-22,-8.5,-17.3,-20.6,-23.6,-12.5,-17.7,-28.8,-20.2
"ssp126",2021,-16.8,-24.5,-22.4,-19.6,-18.9,-19.6,-19,-17.9,-21.4,-26.6,-28.9,-27.8,-18.7,-14.7,-22.1,-20.8,-18.7,-20,-27.5,-21.4
"ssp126",2022,-19,-33.1,-25.4,-18.4,-20.3,-19.1,-17.3,-23.2,-22.6,-26.1,-23.9,-25.4,-14.8,-14.7,-24.6,-22.1,-11.3,-10.7,-25.5,-20.9
"ssp126",2023,-17.5,-27.8,-29.2,-20.8,-18.8,-18.7,-18.5,-27.5,-19,-23.6,-28,-28.6,-9.4,-17.7,-19,-20.8,-15.1,-13.7,-27.3,-21.1
"ssp126",2024,-16.9,-15.3,-33.4,-18.2,-18.4,-18,-19.8,-20.5,-16.8,-33,-20,-26.3,-13.6,-18.5,-19.8,-19.8,-25.1,-19.9,-23.7,-20.9
"ssp126",2025,-18.2,-34.4,-28.1,-16.1,-20.8,-19,-13.7,-27.7,-19.1,-28.4,-23.3,-21.5,-9.2,-14.2,-16.8,-22,-11.1,-18.4,-25.1,-20.4
"ssp126",2026,-17.2,-26.6,-20.4,-19.8,-22.4,-21.5,-16.5,-13.9,-17.2,-29.6,-27,-23.9,-14.1,-14,-22.9,-22.3,-18.7,-16.6,-22.1,-20.4
"ssp126",2027,-17.6,-27.2,-31.1,-18.5,-20.9,-19.6,-20.8,-10.8,-19.5,-30.2,-28.6,-20.7,-5.9,-16.8,-19.5,-20.6,-16.7,-13.8,-26.4,-20.3
"ssp126",2028,-17,-32.7,-17.1,-18.8,-16.8,-17.7,-17.2,-26,-21.4,-22.8,-24.6,-19.5,-11.3,-13.6,-20,-24,-15.9,-21.4,-26.6,-20.2
"ssp126",2029,-16.9,-29.4,-18.2,-17.5,-20.8,-18.7,-17.8,-7.5,-21.8,-21.6,-24,-23.1,-8.6,-15.3,-19.8,-20.2,-16.2,-18.3,-27.3,-19.1
"ssp126",2030,-16.3,-32.3,-22.5,-18.9,-19.6,-18.6,-17,-14.7,-16.1,-30.5,-18.7,-24.4,-10.3,-15.8,-19.2,-22,-12.7,-15.1,-23.8,-19.4
"ssp126",2031,-18.2,-35,-26.4,-18,-21.6,-17.1,-18.2,-11.3,-21.4,-23.6,-24,-21.1,-13.5,-16.8,-15.6,-22,-11.9,-19.8,-27.1,-20.1
"ssp126",2032,-17.6,-38.2,-18.2,-15.7,-22.1,-19.2,-16.3,-18.1,-26.5,-26.9,-18,-23.7,-19.3,-15.3,-25.8,-21.9,-10,-18.4,-26.5,-20.9
"ssp126",2033,-16.4,-28.5,-17.2,-16.7,-21.3,-20.4,-20.7,-21.2,-16.5,-21.4,-17.9,-21.3,-6.2,-16.8,-18.7,-22.5,-17,-21.2,-26.8,-19.4
"ssp126",2034,-17.1,-34,-16.8,-17,-20.8,-20.4,-17.7,-17.1,-19.6,-38.9,-29.1,-22.4,-10.7,-16.7,-19.7,-21.2,-15.7,-21.1,-24.6,-21.1
"ssp126",2035,-17.7,-38.3,-21.3,-20.2,-19.4,-19.2,-18,-15.4,-17.3,-31.2,-22.9,-20.4,-14.7,-13.2,-16.4,-22.4,-10.5,-15.7,-26,-20
"ssp126",2036,-17.3,-27.2,-12.1,-15.7,-21.4,-19.1,-18.7,-20.3,-21.8,-28.7,-26.7,-21.5,-17.3,-16.4,-24.8,-22.4,-18,-15.7,-26.1,-20.6
"ssp126",2037,-17.1,-23,-15.3,-16.8,-14.2,-16.8,-18.6,-16,-18.9,-17.5,-29.4,-23.5,-11.4,-15.8,-25.2,-22.2,-11.8,-22,-24.5,-18.9
"ssp126",2038,-18,-34.1,-19.8,-15.5,-21.1,-17.9,-14.9,-19.4,-17.7,-24.4,-23,-20.1,-8.7,-16.4,-17.8,-21.9,-9.7,-16.6,-25,-19.1
"ssp126",2039,-16.9,-31.4,-17.7,-17.7,-20.6,-19.4,-17.5,-22.9,-16.2,-26.6,-26.2,-22,-9.3,-14.8,-16.7,-20.2,-21.6,-19.8,-25,-20.1
"ssp126",2040,-17,-34.3,-20.7,-21,-19.1,-19,-17.9,-17.5,-17.4,-25.3,-16.5,-23.2,-9.3,-16.1,-17.9,-16.1,-15.3,-18.4,-24,-19.3
"ssp126",2041,-16.4,-36.2,-16.7,-16.8,-19.5,-17.5,-17.6,-15.6,-16.5,-23,-19.8,-23.5,-16.9,-14.2,-15.9,-20.6,-17.3,-21.3,-26.5,-19.6
"ssp126",2042,-17.5,-23.3,-13.5,-20.7,-20.3,-17.4,-18.5,-12,-15.5,-21.2,-23.7,-25.9,-7.6,-16.1,-15.3,-19.9,-15.2,-18.2,-25.6,-18.3
"ssp126",2043,-16.3,-25,-12.3,-16.1,-19.7,-17.2,-17.1,-21.3,-19.2,-25.1,-32.6,-20,-11.8,-16.6,-25.1,-18.5,-7.7,-23.5,-23.5,-19.4
"ssp126",2044,-17.2,-28.4,-20.1,-16,-21.7,-14.8,-19.4,-13.7,-15.3,-21.2,-12.8,-22.9,-8.3,-14.8,-14.9,-21.2,-19.3,-20.1,-26.1,-18.3
"ssp126",2045,-17.2,-31.2,-12.7,-15.5,-19.1,-18.2,-17,-8.6,-17.1,-31.5,-21.1,-21.5,-17,-15.7,-18.1,-20.5,-16.7,-10.4,-21.7,-18.5
"ssp126",2046,-17.1,-31,-14.1,-17.1,-18.3,-17.5,-16.2,-13.6,-15.6,-21,-24,-24.3,-6.7,-13.4,-15.4,-19.4,-18.5,-18,-21.9,-18.1
"ssp126",2047,-17.5,-31.5,-20.5,-15,-17.7,-18.3,-22,-13.7,-16.6,-18.4,-19.3,-23.5,-10.2,-13.4,-16.4,-20.3,-18.8,-19.4,-24.1,-18.8
"ssp126",2048,-15.7,-36.1,-22.5,-16.6,-16.3,-18.4,-14.5,-16.4,-18.4,-22.4,-23.3,-22.5,-12.4,-16,-17.1,-23.2,-15.1,-16.4,-26.7,-19.5
"ssp126",2049,-16.8,-34.1,-23.8,-14.6,-17.4,-16.6,-17.4,-14.7,-19.9,-27.8,-31.9,-25.4,-18.3,-15.3,-24.5,-19.7,-17.2,-21.8,-26.2,-21.2
"ssp126",2050,-17.1,-30.5,-17.4,-14.5,-20.9,-18.3,-20.5,-14.7,-14.7,-22.7,-26.2,-22.9,-15.7,-16.3,-27.3,-17.9,-24,-15.4,-24.5,-20.1
"ssp126",2051,-17.7,-21.8,-11.4,-18.1,-16.9,-18.2,-18.8,-15.3,-17.2,-26.4,-13.5,-18.6,-14.2,-14.6,-20,-20.8,-17.7,-16,-26.9,-18.1
"ssp126",2052,-16.9,-28.5,-19,-14.9,-18.3,-18.2,-20.7,-11.8,-19.4,-29.3,-16.7,-21.9,-18.5,-14.4,-18,-17.4,-14.1,-13.8,-24.3,-18.7
"ssp126",2053,-16.1,-33.2,-17.1,-18.6,-19.4,-16.1,-17.1,-18,-18.3,-26.1,-29.6,-21.3,-13.3,-16.2,-19.6,-20.7,-11.5,-11.6,-23.5,-19.3
"ssp126",2054,-15.4,-33.1,-15,-15.6,-22.1,-17.6,-14.9,-18,-19,-25.3,-27.5,-23.6,-19.7,-16,-13.6,-21.9,-13.5,-15.3,-20.6,-19.4
"ssp126",2055,-14.9,-36.3,-13,-15.8,-15,-19.6,-15.3,-22.7,-15.9,-23.6,-28,-21.6,-11,-12.9,-16,-19.4,-17.7,-15.2,-22.8,-18.8
"ssp126",2056,-18.1,-23.5,-25.8,-16.7,-20,-20.2,-16.9,-14.1,-15.5,-29.3,-21,-20.6,-5,-14.9,-15.6,-20,-14.8,-14.7,-25.7,-18.5
"ssp126",2057,-16.6,-38.1,-22.2,-17.9,-18.8,-17.7,-19.4,-17.1,-16,-23.1,-33.4,-22.5,-14.4,-16.3,-23.1,-18.3,-22.3,-19.1,-24.5,-21.1
"ssp126",2058,-16.5,-22.1,-25,-17.7,-20.4,-16,-17.3,-11.9,-18,-22.7,-23.9,-20.9,-13.4,-13.1,-20.5,-20.4,-14.3,-13.2,-23.9,-18.5
"ssp126",2059,-15.2,-40.9,-28.7,-16.5,-19.5,-17.1,-17.1,-21.2,-14.9,-28.3,-31.8,-23.1,-7.4,-16.7,-16.7,-18.8,-23.2,-17.9,-21.8,-20.9
"ssp126",2060,-15.6,-27.1,-23.6,-16.3,-17.1,-16.6,-17.6,-25.3,-15.6,-24.2,-19.3,-21.1,-11.3,-15.8,-16.8,-20.8,-13.9,-19,-21.7,-18.9
"ssp126",2061,-15.3,-29,-13.5,-14.2,-18.4,-16.8,-16.9,-12.1,-20.4,-18.6,-16.6,-24.6,-5.8,-17.1,-17.4,-20.3,-15.3,-18.3,-22.3,-17.5
"ssp126",2062,-13.7,-30.7,-26.3,-14.6,-20.3,-14.3,-16.3,-20.2,-18,-22.8,-11.8,-24.8,-9.6,-14.9,-16.1,-18,-12.2,-18,-25.3,-18.3
"ssp126",2063,-14.8,-35.6,-16.5,-16,-19.9,-17.1,-17.6,-22.5,-15.1,-23.4,-18.5,-17,-8.3,-15.7,-19.3,-21,-20,-17.5,-21.9,-18.8
"ssp126",2064,-16.9,-40.8,-27.4,-17.1,-19.1,-17.5,-17.3,-21,-17.9,-27.1,-15.5,-21.6,-8.5,-16.1,-12.3,-17.6,-13.1,-11.8,-22.2,-19
"ssp126",2065,-15.2,-30.3,-19.6,-17.4,-17.5,-19.1,-20.2,-14.3,-17.4,-23.4,-20,-26.8,-14.9,-14.5,-24,-19.3,-13.4,-19.3,-23.5,-19.5
"ssp126",2066,-15.9,-29.6,-23.9,-15,-17,-17,-17.4,-20.6,-17.8,-19.8,-26.1,-20.6,-12.9,-13.7,-20,-20.2,-10.5,-19.7,-26.2,-19.2
"ssp126",2067,-15.7,-28.1,-17.3,-16.7,-19.2,-18.6,-15.2,-14.3,-15.7,-23.8,-16.2,-20.3,-5.4,-14,-18,-19,-13.9,-14.2,-20.7,-17.2
"ssp126",2068,-15.8,-37.4,-20.6,-18.2,-20.7,-16.7,-17.6,-16.2,-18.3,-20.9,-11.5,-24.5,-4.9,-15.7,-20.6,-19.4,-13,-15.6,-23.2,-18.5
"ssp126",2069,-15.4,-36.3,-27.3,-18.3,-15.5,-17,-16.6,-19.7,-18.8,-26.3,-25.1,-20.7,-5.6,-15.5,-16,-20.2,-15.4,-19.6,-24.6,-19.7
"ssp126",2070,-14.7,-36,-26.1,-18,-19,-15.9,-19.5,-15,-18.4,-24.7,-27.1,-21,-14.7,-14,-22.5,-22,-8.6,-16.4,-25.7,-20
"ssp126",2071,-15.4,-28.1,-15.4,-13.9,-20,-16.2,-18.5,-20.9,-15.7,-23.1,-30.3,-22.6,-11.7,-13.2,-19.5,-22.1,-13,-19.1,-24.5,-19.1
"ssp126",2072,-15.2,-18.4,-31.3,-15.7,-20,-17,-18.2,-21.4,-14.3,-26.3,-22.8,-21.1,-11.6,-13.9,-20.2,-20,-9,-21.1,-23.7,-19
"ssp126",2073,-16.4,-27.2,-29.3,-15.8,-20.3,-21.3,-16.3,-21.7,-22,-26.2,-22,-21.6,-8.6,-16.5,-18.3,-20.6,-21.5,-17.9,-21.9,-20.3
"ssp126",2074,-14.5,-20.6,-9.3,-17,-18.7,-20.1,-16.3,-18.2,-15.7,-25.6,-23.4,-24.6,-11.7,-12.8,-18.4,-18.7,-15.6,-15.4,-22.6,-17.9
"ssp126",2075,-14.8,-28.5,-29.6,-15.6,-19,-17.3,-18.2,-20.6,-13.2,-26.1,-12.8,-24,-7.7,-16.3,-14.8,-21.4,-10.9,-13.6,-24.7,-18.4
"ssp126",2076,-15.3,-34.5,-30,-18.2,-19.7,-17.1,-19.1,-15.4,-20.1,-33.6,-25.5,-18.1,-9.4,-17.2,-22.6,-20.1,-22,-16.6,-24.6,-21
"ssp126",2077,-16.4,-29.8,-15.1,-14.8,-16.9,-18.7,-18.7,-16.9,-18.4,-23.7,-18.8,-22.2,-15.9,-13.7,-13,-18.7,-17.6,-19,-23.6,-18.5
"ssp126",2078,-17.1,-27.6,-7.9,-16.3,-17.2,-16.1,-16.5,-21,-16.9,-28.8,-27,-22.3,-17.4,-15,-16.6,-20.7,-16.8,-16.4,-26.2,-19.1
"ssp126",2079,-16.4,-30.7,-23.1,-17.5,-18.3,-18.5,-16,-13.8,-16.7,-26.7,-26.3,-24.7,-11.6,-12.6,-16.2,-21.5,-18.7,-17.2,-24.9,-19.5
"ssp126",2080,-16.4,-29.1,-12.3,-16.4,-20.1,-18.3,-19.6,-11.3,-18.4,-28.7,-27.3,-22.1,-8.3,-12.9,-18,-20,-15.8,-19.1,-22.7,-18.8
"ssp126",2081,-15.1,-31.2,-24.4,-16.5,-19,-17.8,-19.4,-23.7,-17.3,-27.3,-16.1,-22.4,-16.1,-15.8,-18.8,-19.9,-16.3,-21.3,-22.2,-20
"ssp126",2082,-17,-27.4,-16,-18.6,-18.4,-17.8,-15.3,-12.8,-15.8,-22.9,-26.8,-26.5,-18.8,-14.9,-23,-21.5,-24,-18.5,-21.6,-19.9
"ssp126",2083,-15.2,-27.8,-23.2,-19.2,-17.6,-15.8,-20.4,-17.9,-15.1,-23,-25.4,-20.7,-11.7,-16.6,-20.6,-19.2,-19,-18.8,-23.4,-19.5
"ssp126",2084,-14.5,-29.3,-13.7,-17.2,-20.8,-15.9,-18.4,-17.8,-17,-21.6,-21.6,-21.8,-5.1,-12.9,-18,-20,-12.6,-14.7,-25.8,-17.8
"ssp126",2085,-16.7,-34.1,-11,-15.9,-17.2,-18,-17.7,-16.9,-18,-19.4,-22.2,-23.6,-11.6,-13.8,-19.5,-18.6,-15.3,-16.8,-20.8,-18.3
"ssp126",2086,-15.3,-23.3,-14.4,-17.7,-16.2,-21.6,-17.2,-14.7,-18.4,-23.7,-28.9,-14.9,-10.5,-15,-20.3,-22.9,-12.3,-21,-22.8,-18.5
"ssp126",2087,-17,-42.4,-20.8,-16.1,-18.2,-13.3,-14.6,-15.2,-13.6,-29.1,-28.2,-26.1,-11.3,-13.9,-16.9,-22.4,-10.9,-21.2,-23.8,-19.7
"ssp126",2088,-15.4,-29.3,-14.1,-16.9,-18.9,-18.8,-16.1,-10.3,-15.9,-25.9,-16.4,-22.7,-13.7,-17,-19.4,-21.1,-20.4,-17.2,-22.8,-18.5
"ssp126",2089,-16.6,-30.9,-20.7,-17.5,-16,-17.3,-18.6,-17.3,-22.4,-23.4,-19.6,-15.6,-9.1,-15.1,-20.5,-19.8,-10.1,-15.9,-22.3,-18.4
"ssp126",2090,-16.8,-33.6,-32,-13.9,-19,-16.6,-17.8,-21.8,-20.4,-19.7,-22.6,-21.7,-11.6,-16,-18,-18.2,-13.5,-19.4,-22.2,-19.7
"ssp126",2091,-15.9,-28.3,-34.8,-17.4,-15.3,-16.8,-19.9,-9.2,-14.8,-27,-28,-21.3,-4.5,-13.4,-18.3,-18.3,-19,-19.5,-23,-19.2
"ssp126",2092,-16.7,-32.2,-16.3,-17.2,-19.9,-18,-17,-20.7,-17.9,-22.8,-14,-22,-11.5,-15.4,-14.9,-20.4,-18.6,-15.6,-23.2,-18.6
"ssp126",2093,-17.7,-41.6,-12.2,-13.5,-18.3,-16.2,-16.8,-13.8,-18.7,-17,-17.2,-28.5,-7.9,-15.6,-20.9,-21.4,-21.3,-21.6,-23.5,-19.1
"ssp126",2094,-15.7,-31.4,-19.2,-16.3,-18,-16.1,-16.5,-17.7,-23.4,-26.2,-25.9,-24.3,-14.1,-15.9,-16.9,-19.6,-8,-21,-22.3,-19.4
"ssp126",2095,-17.6,-25.1,-24,-15.6,-18.6,-16.7,-18.8,-15.9,-16,-25.3,-15.1,-20.4,-12.2,-14,-19.2,-18.3,-15,-22.7,-22.9,-18.6
"ssp126",2096,-15.9,-31.9,-12.7,-17.2,-21.3,-15.1,-16.3,-18.2,-14.9,-23.1,-19.1,-21,-6.9,-13.6,-16.1,-21.6,-11.8,-17.2,-27.1,-17.9
"ssp126",2097,-15,-32.5,-18.3,-16.6,-20,-18.3,-16.9,-17.6,-19.7,-21.9,-18.2,-25.4,-8.9,-16.7,-18.4,-19.6,-9.2,-15.1,-21,-18.4
"ssp126",2098,-15.8,-28.9,-23.1,-15.4,-19.4,-17.4,-18,-12.2,-16.1,-26.3,-33,-23.1,-16.7,-15.2,-14.4,-18.8,-14,-17.7,-20.2,-19.2
"ssp126",2099,-15.3,-27.8,-15.6,-14.8,-19.7,-19.9,-17.6,-13.3,-16.6,-24.3,-13.3,-19.3,-8.7,-12.1,-19.9,-19.6,-21.2,-26,-23,-18.3
"ssp126",2100,-16.2,-29.7,-6.9,-17.6,-20.7,-16.6,-16.8,-13.2,-19.3,-24,-23.5,-19.2,-16.2,-13.1,-13.9,-20.8,-22.9,-17.4,-22.5,-18.4
"ssp245",2015,-19.2,-39.4,-21.1,-15.8,-19.5,-20,-19.7,-15.3,-19.3,-27,-27.7,-23,-5.7,-18.6,-25,-22.9,-9.5,-22,-24.5,-20.8
"ssp245",2016,-17.2,-43.2,-15.7,-21.5,-20.5,-18.5,-16,-13.4,-20.6,-27.7,-18.7,-21.6,-11.1,-16.9,-17.6,-21,-16.2,-19.9,-23.6,-20
"ssp245",2017,-20.1,-33.1,-13.4,-19.4,-22.5,-21.5,-17.4,-20.1,-15.2,-29.3,-13.3,-24.3,-10.7,-11.5,-22,-23.4,-14.4,-24.8,-27.6,-20.2
"ssp245",2018,-17.1,-40.4,-23.6,-19.6,-20.8,-19.6,-19.3,-16.1,-20,-26.9,-28.6,-23.6,-14.8,-19.6,-18.1,-21.6,-18.6,-23.8,-26.5,-22
"ssp245",2019,-18.4,-40.4,-8.5,-21.3,-20,-19.4,-23.2,-18.2,-18.7,-31.1,-15.4,-23.4,-12.7,-17,-22,-19.1,-23.1,-23.1,-26.4,-21.1
"ssp245",2020,-17.4,-34.5,-24.8,-20,-23.9,-19.8,-17.9,-22.4,-19.8,-30.6,-31.9,-22.3,-7,-17.4,-13,-20.1,-15.2,-24.4,-24.9,-21.4
"ssp245",2021,-18.1,-42.4,-20.8,-19.1,-21.9,-19.4,-16.1,-24,-20.7,-35,-16.1,-24.9,-11.8,-15.6,-20.6,-20.1,-10.5,-13.6,-30.6,-21.1
"ssp245",2022,-18,-29.2,-25,-19.2,-19.1,-19,-15.7,-20.4,-18.3,-20.9,-24.6,-27.7,-14.8,-16,-17,-24.5,-21.4,-20,-27,-20.9
"ssp245",2023,-20.6,-33.5,-20,-19.5,-18.9,-23.4,-18.1,-18.1,-20,-25.3,-13.1,-26.3,-10.8,-18.7,-20.6,-23.3,-12.8,-16.9,-25.3,-20.3
"ssp245",2024,-19.1,-31.4,-13.8,-21,-20.6,-20.4,-18.8,-15.6,-20.1,-32.6,-19.2,-24,-11.3,-15.5,-23.5,-22.4,-14.9,-20.6,-29.9,-20.8
"ssp245",2025,-17.4,-25.4,-29.5,-20.4,-20.7,-17.9,-18.7,-15.3,-20.6,-25.2,-14.6,-20.8,-13.1,-21.8,-20.6,-18.4,-22.5,-22.4,-25.8,-20.6
"ssp245",2026,-19.3,-33.1,-26.8,-16.5,-20.2,-18.6,-16.1,-15.5,-15.4,-28,-14.3,-25.9,-10.7,-16.7,-17.2,-20.9,-22.8,-23.8,-27.2,-20.5
"ssp245",2027,-15.8,-34.8,-18.9,-17,-17.6,-17.7,-16.5,-14.6,-17.2,-28.9,-32.1,-23.3,-3.9,-12.2,-21.8,-21.4,-16.2,-18,-29.3,-19.9
"ssp245",2028,-17.8,-34.6,-22.9,-18.7,-19.4,-20.4,-17.7,-19.2,-17.4,-26.9,-13.2,-25.2,-11.1,-19.2,-22.4,-24.2,-16.8,-20.2,-28.4,-20.8
"ssp245",2029,-18.3,-35.3,-17.4,-19.2,-19.2,-20.3,-16.2,-13.4,-19.3,-27.9,-21.9,-23,-11.2,-13.6,-20,-20.5,-9.1,-22.3,-25.9,-19.7
"ssp245",2030,-17.5,-28.7,-22.1,-18.2,-22.9,-20.9,-19.2,-14.3,-18.3,-27.4,-29.4,-25.5,-6.4,-14.1,-15.6,-18.5,-15,-24.8,-25.7,-20.2
"ssp245",2031,-15.6,-31.1,-9.3,-17.8,-19,-15.9,-19.1,-16.3,-19.9,-31.4,-20.5,-27.2,-15.7,-15.4,-17.6,-19.3,-13.8,-18.7,-24.1,-19.4
"ssp245",2032,-17.9,-26.9,-20.3,-19.3,-19.3,-20,-19.4,-18.4,-18,-29.4,-17,-24.5,-13.1,-18.8,-17.2,-19.3,-16.3,-18.9,-22.7,-19.8
"ssp245",2033,-16.3,-25.9,-22.3,-19,-18.6,-15.2,-16.7,-17.4,-19.9,-32.3,-35.2,-25,-4.9,-11,-16.4,-20.1,-15,-20.9,-23.9,-19.8
"ssp245",2034,-17.2,-33.6,-12.3,-17.1,-19.4,-19.7,-18.8,-14.8,-18.9,-25.4,-26.5,-28.1,-10,-16.3,-15.6,-18.8,-17.1,-15.9,-25.1,-19.5
"ssp245",2035,-16.2,-30.5,-19,-18.4,-20.3,-20.7,-18.7,-16.6,-19.1,-19.7,-22.7,-23,-6.1,-14.4,-21.6,-21.3,-11.6,-18.1,-25.8,-19.1
"ssp245",2036,-16.2,-38.5,-13.5,-21,-21,-15.4,-20.8,-15.7,-15.9,-30.9,-17.3,-21.4,-5.8,-11.5,-20.2,-20.1,-12.1,-22.1,-24.4,-19.1
"ssp245",2037,-15.8,-32.1,-21.6,-19.1,-20.3,-15.8,-18.2,-14.9,-17.4,-26.6,-23.1,-20,-9.7,-14.7,-23.9,-21.9,-16.4,-16.2,-26.4,-19.7
"ssp245",2038,-16.2,-34.8,-13,-18.5,-17,-16.8,-17.1,-16.8,-14.2,-14.7,-27.2,-21.8,-11,-16.3,-17.6,-19.4,-18.2,-18.6,-24.7,-18.6
"ssp245",2039,-16.7,-36,-18.7,-18.5,-18.6,-15.3,-17.9,-15.6,-17.3,-23,-33.8,-19.2,-12.6,-11.6,-20.8,-20.2,-14,-19.9,-27.4,-19.8
"ssp245",2040,-17,-28.4,-18,-17.1,-16.8,-15.8,-15.3,-16.7,-15.3,-25.6,-30.1,-23.8,-14.1,-14,-22.1,-18.7,-12.7,-13.6,-25.2,-19
"ssp245",2041,-14.8,-33.2,-14.3,-18.1,-20.7,-19.1,-18.1,-14.7,-18.8,-21.8,-18,-20.5,-1.9,-15.7,-21.1,-21.9,-9.8,-19.8,-25.8,-18.3
"ssp245",2042,-16.9,-27.6,-18.7,-15.2,-18.8,-16.7,-17.5,-17.3,-23.8,-23.6,-27.9,-25.1,-10.2,-19.1,-19.9,-20.3,-24.5,-20.7,-20.3,-20.2
"ssp245",2043,-15.7,-32.2,-23.8,-15.2,-21.3,-17.3,-19,-13.9,-17.1,-25.5,-26.2,-23.6,-1.5,-14.7,-17,-17.9,-11.5,-15.2,-22.3,-18.5
"ssp245",2044,-16.8,-24,-13.3,-16.1,-21.4,-16.4,-18.9,-15.9,-13.5,-25.7,-28.3,-22.2,-18.1,-13.4,-17.4,-21.3,-6.8,-13.3,-23.8,-18.2
"ssp245",2045,-16.4,-32.6,-17.8,-16.3,-15.5,-15.4,-16.1,-10.9,-20.3,-27.2,-24.5,-24.1,-17.3,-12.9,-19.4,-16.8,-11.5,-19.4,-23.7,-18.8
"ssp245",2046,-16.9,-28.4,-14.8,-17.5,-21,-15.7,-17.8,-15.9,-18.8,-24.4,-24.8,-20.4,-9.7,-15.1,-15.2,-19.1,-18,-16.4,-28.7,-18.9
"ssp245",2047,-16.8,-32.8,-18.5,-16,-19.4,-17.9,-19.6,-14.3,-15.5,-26.6,-26.4,-17.7,-8.4,-14.4,-16.6,-22.3,-22.3,-20.4,-23.6,-19.4
"ssp245",2048,-15.1,-33.3,-28.7,-17.2,-19.5,-16.4,-18.9,-14.9,-16.1,-16.8,-30.3,-23.5,-10.6,-9.2,-22.5,-20.1,-22.3,-11.5,-23.8,-19.5
"ssp245",2049,-15.1,-31.7,-18.5,-14.1,-18.9,-18.8,-15.4,-16.8,-17.1,-16.8,-28.4,-16.9,-11.9,-11.3,-13.4,-19.8,-15.6,-15.6,-25.2,-18
"ssp245",2050,-16.7,-28,-17.7,-16.9,-17.9,-17.8,-14.5,-15.6,-18.3,-19.8,-25.1,-21,-10.2,-16.4,-19.4,-19,-12.4,-16.4,-23.6,-18.2
"ssp245",2051,-15.3,-30.4,-17.3,-13.8,-18.6,-17.8,-16.2,-16.1,-13.7,-28.1,-23.3,-20,-4.9,-13.9,-17.3,-22.2,-12.4,-17.9,-20.8,-17.9
"ssp245",2052,-16.4,-36.4,-18.3,-15.6,-20.6,-16.9,-18,-12.4,-19.3,-23.6,-11.6,-18.2,-11,-20,-15.4,-21.3,-20.6,-17.4,-24.7,-18.8
"ssp245",2053,-16.9,-31.7,-23.4,-16.5,-18.9,-21.3,-17.5,-17.4,-19,-19.3,-10.4,-16.6,-12.4,-14.4,-27.6,-20.1,-20.7,-19.6,-21.4,-19.2
"ssp245",2054,-16.1,-20.5,-11.4,-14.9,-17.1,-17.7,-15.4,-12.3,-16.7,-28.5,-22.4,-22.4,-14.8,-18.3,-13.9,-20.1,-18.4,-20.9,-22.8,-18.1
"ssp245",2055,-15.3,-31,-21.7,-17.4,-19,-17.1,-16.5,-15.2,-16.1,-20.7,-26.8,-19.5,-5.2,-15,-11.8,-20.8,-8.4,-19.4,-22.3,-17.9
"ssp245",2056,-14.8,-29.5,-13.7,-17.3,-19,-17.2,-16.3,-11.7,-14,-30.1,-23.6,-24.1,-5.2,-14.4,-12.6,-20.8,-12.1,-17.2,-23,-17.7
"ssp245",2057,-16.8,-33.8,-21.5,-15.7,-18.3,-19,-16.6,-16.3,-19.7,-19.1,-18.8,-23.2,-13.1,-16.2,-17.9,-19.2,-15.9,-16.8,-21.1,-18.9
"ssp245",2058,-15.2,-28.7,-16.3,-15.1,-19.5,-15.2,-19.3,-17.5,-16.9,-22.2,-14.1,-18.8,-17.9,-17.2,-16.6,-19,-12.6,-18.4,-21,-18
"ssp245",2059,-14.7,-25.1,-10.7,-15.4,-18.9,-18.4,-16.7,-16.4,-16.7,-21,-13.9,-21.6,-11.2,-10.4,-17,-20.6,-12.6,-22.2,-18.1,-16.9
"ssp245",2060,-14.1,-27,-14.3,-13.3,-17,-17.5,-16.9,-18,-17.2,-26.7,-19.1,-20.6,-8,-14.6,-18.4,-20,-17.1,-22.1,-25.2,-18.3
"ssp245",2061,-15.5,-31.4,-20.1,-15.1,-16.7,-17.4,-15.4,-14.5,-14.7,-23.1,-20.6,-20.7,-8,-21,-17.6,-21.6,-16.8,-14.1,-20.3,-18.1
"ssp245",2062,-16,-30.4,-22.3,-11.9,-17.2,-17.7,-16.2,-12.8,-16.3,-27.9,-19.5,-17.5,-7.4,-17,-16.9,-21.4,-14.8,-13.2,-22.6,-17.8
"ssp245",2063,-15.7,-35,-16.5,-17,-18.2,-15.4,-17.5,-13.3,-17.1,-24.2,-14.5,-18.6,-10,-18,-20,-18.5,-13.3,-14.8,-23.9,-18
"ssp245",2064,-13.6,-29.3,-17.8,-16.8,-16.6,-16.4,-16.1,-15.4,-15.9,-21.7,-31.3,-22,-10.1,-15.3,-17.5,-17.7,-14,-22,-22.7,-18.5
"ssp245",2065,-14.9,-30,-6.1,-14.6,-18.3,-15.7,-18.3,-13.6,-15.1,-21.3,-23.1,-19.4,-6.6,-15.1,-12.2,-16.6,-15.6,-16.4,-21.2,-16.5
"ssp245",2066,-12.1,-33.7,-13.3,-15,-13.4,-15.3,-17.2,-18.2,-16.2,-23.7,-16.4,-17.5,-16.3,-16.7,-16,-18.1,-14,-14.2,-24.5,-17.5
"ssp245",2067,-13.4,-35.5,-26.5,-15.7,-20.8,-14,-15.5,-12.4,-18.4,-29,-30.5,-16.9,-9.4,-16.1,-14.3,-21,-13.4,-16.9,-21.8,-19
"ssp245",2068,-15.2,-26.3,-19.2,-14.2,-18.5,-13.8,-17,-15.5,-14.2,-20.5,-16.4,-19.8,-10.8,-17.1,-11.9,-17,-21,-12.1,-20.9,-16.9
"ssp245",2069,-15.6,-29.1,-16.7,-13.3,-18.4,-15.8,-17.4,-16.5,-16.7,-18.5,-23.3,-19.4,-3.6,-12.2,-17.8,-16.4,-18.7,-14.1,-22.8,-17.2
"ssp245",2070,-12.9,-28.5,-13.3,-14,-18.8,-16.3,-15.7,-15.5,-17,-18.7,-21.4,-21.7,-10.4,-13.5,-24.8,-18.4,-20.8,-15.3,-21.6,-17.8
"ssp245",2071,-13.9,-24.5,-23.4,-14.1,-17.5,-12.2,-15.1,-16.2,-18.5,-24.7,-24.9,-18.4,-8,-13.6,-17.9,-16.3,-11.2,-25.2,-20.7,-17.7
"ssp245",2072,-15.7,-23.7,-20.2,-13.6,-16.4,-15.5,-16.4,-19.6,-14.1,-21.7,-24.8,-16.4,-14.7,-13.1,-18.8,-19.4,-11.5,-16.3,-22.7,-17.6
"ssp245",2073,-15.4,-32.6,-14.3,-12.7,-15.9,-17.5,-15.7,-12.4,-17.2,-21.3,-19.7,-21,-7.8,-14,-12.2,-20.9,-12,-14.9,-24.5,-16.9
"ssp245",2074,-15.5,-29.6,-24.9,-14.2,-17.1,-13.9,-19.9,-18.7,-19.1,-23.7,-15.9,-18.7,-11.5,-16.5,-16.8,-17.5,-15.4,-14.9,-20.4,-18.1
"ssp245",2075,-15.1,-36.7,-19.7,-14.3,-17.1,-17.2,-16.6,-16.1,-20.7,-24.5,-22.6,-18.2,-12.5,-15.5,-21.1,-19,-20.5,-18,-23.2,-19.4
"ssp245",2076,-16.5,-26.1,-12.9,-13.8,-15.7,-16.2,-16.4,-11.6,-16.6,-21,-21.8,-23.8,-9.6,-17,-17.4,-17.2,-13.7,-17.2,-20.4,-17.1
"ssp245",2077,-15,-30.5,-17.2,-14.1,-17.4,-16.4,-14.4,-13.8,-15.4,-21.6,-13.3,-19.4,-14.2,-14,-12.6,-19.4,-10.4,-19.4,-22.9,-16.9
"ssp245",2078,-13.3,-20.3,-12.2,-13.1,-19.7,-17,-13.8,-15.2,-16.8,-20.5,-25.4,-18.2,-3.4,-12.5,-12.2,-18.9,-15.4,-17.4,-18.2,-16
"ssp245",2079,-15.8,-25.2,-17,-14.2,-17.5,-17.2,-16.7,-12.5,-13,-18.2,-21.1,-19.6,-8.7,-16.1,-17,-17.6,-15.9,-12.7,-23.6,-16.8
"ssp245",2080,-14,-29.1,-12.6,-16.1,-15.1,-19.6,-14.5,-20,-15.8,-20.5,-27,-22.6,-8.2,-11.3,-24.4,-18.1,-17.8,-21.5,-19.4,-18.3
"ssp245",2081,-15.3,-30.1,-13.3,-12.4,-16.3,-18.3,-13.2,-17,-16,-23.9,-25.4,-19.6,-4.6,-17.8,-20.7,-19.3,-9.5,-18.4,-22.9,-17.6
"ssp245",2082,-13.9,-18.7,-25.1,-15.1,-14.4,-15.4,-16,-14.7,-14.4,-21.6,-18.5,-19.9,-5.4,-11.7,-15.3,-20.9,-13.1,-18.4,-22.4,-16.6
"ssp245",2083,-14.7,-29.7,-17.6,-15.5,-17.2,-13.4,-14.6,-12.4,-13,-21.6,-25.7,-20.4,-15.4,-12.9,-19.4,-18.4,-11.9,-21.9,-21.6,-17.8
"ssp245",2084,-13.9,-29.6,-20.8,-13.9,-17,-17.1,-13.2,-16.8,-16.3,-24.5,-23.4,-18.9,-7.7,-15.1,-16.1,-18.3,-6.5,-13.9,-18.7,-16.9
"ssp245",2085,-14.7,-31.2,-15.5,-11.6,-16.3,-16.5,-18.5,-12.4,-14.3,-21.1,-25.1,-18.5,-8.4,-15,-17.2,-18.6,-11.1,-8.9,-19.8,-16.6
"ssp245",2086,-13.9,-30.8,-18.8,-13.4,-19.1,-12.9,-14.8,-11.2,-14.5,-24.6,-12,-19.8,-12.2,-13.1,-16,-18.8,-11.3,-10.7,-21.3,-16.3
"ssp245",2087,-15.2,-22.1,-6,-13.3,-15.4,-14.9,-15.9,-13.1,-19.1,-22.1,-21.1,-16.1,-12.2,-18.2,-18.8,-18.1,-12.2,-18.6,-18.8,-16.4
"ssp245",2088,-14.2,-22.5,-16.6,-12.9,-15.3,-12.2,-15.5,-17.7,-17.2,-21,-15.2,-21.9,-18.9,-15.2,-13.8,-20.9,-12.1,-12.9,-22.1,-16.7
"ssp245",2089,-14.6,-28,-19.1,-12.4,-15.9,-16.5,-16.7,-17.4,-13.5,-24.8,-31.7,-19.2,-13.6,-14.1,-15.1,-19.1,-13.6,-14.8,-21,-18
"ssp245",2090,-14.3,-30.5,-20.3,-14.4,-16.5,-14.9,-15.5,-11.2,-18,-22.8,-18.3,-16.8,-6.1,-12.7,-22.7,-17.9,-10.5,-13.1,-24.2,-16.9
"ssp245",2091,-13.4,-28.2,-22.6,-13.6,-16,-16.8,-16.4,-15.2,-16.2,-23.5,-25.2,-16,-3.7,-15.3,-15.9,-17.9,-10,-15.4,-17,-16.8
"ssp245",2092,-14.5,-30.9,-16.5,-14.1,-17.7,-16,-16.9,-14.9,-14.8,-14.2,-24.1,-16.7,-15.6,-11.2,-20.6,-19.2,-14.2,-13.2,-18.1,-17
"ssp245",2093,-13.4,-26.6,-21.1,-14.8,-17.5,-14.3,-15.5,-16.8,-12.4,-19.7,-25.9,-20.6,-11.6,-8.6,-16.2,-18.9,-15.1,-16.2,-17.5,-17
"ssp245",2094,-13.1,-27.8,-18.7,-14.1,-16.3,-19,-15.6,-19.8,-19.6,-21.6,-30.3,-14.6,-9,-11.2,-24.5,-19.4,-13.8,-16.4,-18.7,-18.1
"ssp245",2095,-15.7,-23.4,-15.9,-14.6,-16.4,-15.9,-15.6,-15,-17.6,-22,-29.8,-19.9,-7.3,-12.3,-23,-19,-17.4,-9.7,-21.1,-17.5
"ssp245",2096,-13.5,-24.8,-15,-14.3,-13.5,-15.5,-16.7,-15,-13.8,-20.2,-14.4,-17.9,-4.7,-13.7,-17.2,-16.2,-14.6,-16.6,-19.3,-15.6
"ssp245",2097,-15.2,-20.6,-11.5,-13.8,-14.4,-16.2,-16.8,-12.9,-12.4,-25.9,-12.2,-17.5,-5.7,-13.2,-12.7,-17.5,-9.5,-9.6,-21.4,-14.7
"ssp245",2098,-14.2,-22.5,-17.6,-12.1,-13.4,-13.5,-15.6,-11.2,-15.8,-24.9,-24.6,-18.9,-13.8,-13.1,-19.4,-19.6,-23.4,-11.8,-19.3,-17.1
"ssp245",2099,-13,-26.7,-7.2,-13.4,-15.5,-17.2,-13.7,-18.8,-18.9,-14.7,-15.3,-16.5,-11.6,-15,-16.9,-18.4,-11.9,-12.8,-18,-15.6
"ssp245",2100,-14.7,-28.9,-19.2,-13.6,-13.5,-12,-13.3,-9.7,-15.5,-22.7,-26.1,-15.7,-8.7,-11.6,-24.7,-16.8,-17.8,-13.1,-21,-16.8
"ssp370",2015,-19.3,-30.2,-19.8,-17.2,-21.3,-18.5,-17.9,-21.6,-19.4,NA,-25.2,-23.5,-10,-18.1,-20.5,-22,-16.9,NA,-25,-20.4
"ssp370",2016,-18.4,-36.3,-18.2,-19.9,-23.4,-20.7,-15.1,-10.3,-24.1,NA,-25.7,-24.3,-13,-26.9,-18.6,-23,-16.1,NA,-31.5,-21.5
"ssp370",2017,-19.6,-28.9,-21.8,-18.9,-20.6,-17.7,-17.3,-16.1,-20,NA,-21.8,-27,-11.6,-14.4,-19.4,-21.9,-15.5,NA,-25.4,-19.9
"ssp370",2018,-17.8,-43.2,-23.5,-21.9,-19.4,-19.1,-17.8,-18.5,-21.1,NA,-24.3,-28.3,-12,-12.3,-20,-21.7,-18.8,NA,-27.2,-21.6
"ssp370",2019,-16.8,-32.9,-19.2,-18.4,-19.5,-18.4,-18.6,-18.5,-19.2,NA,-22.8,-22.9,-7.3,-16.2,-18.5,-22.4,-16.4,NA,-28.3,-19.8
"ssp370",2020,-16.9,-29.3,-22,-19.8,-19.8,-18.2,-20.1,-18.5,-21.4,NA,-22,-28.5,-9.1,-17.1,-22,-21.9,-18,NA,-25.8,-20.6
"ssp370",2021,-16.1,-36.4,-25,-20.2,-20.4,-16.6,-19.7,-21.3,-16.9,NA,-23.8,-24.7,-13.7,-19.1,-18.5,-21.7,-16.7,NA,-30.4,-21.2
"ssp370",2022,-16.3,-32,-18.2,-19.3,-20.3,-20.3,-19.5,-18.8,-15.8,NA,-26.5,-25.7,-12.3,-16.6,-20.3,-22.8,-16.5,NA,-29.7,-20.6
"ssp370",2023,-17.9,-33.9,-24.7,-17.9,-21.1,-19.2,-19.5,-21.5,-16.4,NA,-23.6,-26.1,-8.5,-19.8,-19,-21.5,-15.7,NA,-23.2,-20.6
"ssp370",2024,-19.4,-38.7,-24.1,-18.9,-18.2,-20.8,-15.9,-25.9,-18.1,NA,-22.1,-21.9,-7.6,-15.3,-19.2,-19.5,-14.4,NA,-30.5,-20.6
"ssp370",2025,-16.1,-36.3,-10.7,-17.8,-20.8,-16.9,-19.3,-16.3,-17.8,NA,-21.7,-25.1,-10.1,-17,-19.5,-22.6,-17.8,NA,-27,-19.6
"ssp370",2026,-17.7,-30.7,-23.9,-17.5,-21.1,-17.3,-16.9,-13.1,-18,NA,-24.2,-25.4,-12.3,-14,-21.8,-19.5,-15.5,NA,-27.8,-19.8
"ssp370",2027,-17.5,-28.7,-23.5,-18,-20.4,-19,-17.5,-21,-17.3,NA,-22.9,-28.3,-14.5,-14.1,-20.1,-20.6,-19.1,NA,-26.9,-20.6
"ssp370",2028,-18.1,-35.2,-21.9,-20.5,-20.6,-18.4,-19.1,-19.8,-15.4,NA,-24.8,-25,-3.9,-15.2,-19.6,-20.4,-15.3,NA,-29.3,-20.1
"ssp370",2029,-18.6,-30.5,-10.4,-16.8,-22.1,-18.1,-19.3,-16.6,-19,NA,-24.4,-22.7,-15.6,-16.8,-20.4,-21.6,-15.9,NA,-24.5,-19.6
"ssp370",2030,-16.9,-28.3,-12.4,-17.8,-20.5,-16.2,-19.4,-24.7,-19.4,NA,-22.7,-23.8,-16.6,-19.4,-18.5,-22.4,-18.4,NA,-22.4,-20
"ssp370",2031,-17.6,-32.6,-25.9,-18.2,-18.5,-18.8,-18.8,-22.1,-18.2,NA,-29.3,-25.4,-5.6,-13.8,-18.3,-23,-18.5,NA,-24.5,-20.5
"ssp370",2032,-17.3,-26.3,-25.1,-20.5,-18,-20.6,-19.7,-16.6,-23.4,NA,-22.5,-20.9,-9,-19.2,-21.7,-21.6,-14.8,NA,-24.9,-20.1
"ssp370",2033,-16.2,-31.6,-12.3,-16.5,-16.6,-19.9,-20.5,-14.3,-17.2,NA,-26.3,-24.8,-7,-12.8,-19.9,-19.1,-11.8,NA,-27.4,-18.5
"ssp370",2034,-18.1,-29.7,-9.3,-20,-19.5,-15.2,-18.6,-13.7,-16.2,NA,-23.2,-22.5,-17.9,-13.7,-20.1,-21.8,-16.8,NA,-27.6,-19.1
"ssp370",2035,-19.1,-24.3,-24.1,-19,-21.5,-18.2,-21.1,-21.8,-19.4,NA,-21.5,-23.1,-10.4,-17.6,-20,-21.4,-13.2,NA,-24,-20
"ssp370",2036,-17.2,-30,-15.6,-15.8,-20.1,-17.2,-16.1,-14.6,-18,NA,-22.3,-25.8,-6.9,-16,-19.1,-22.2,-15.8,NA,-21.9,-18.5
"ssp370",2037,-16.9,-34.2,-23.1,-19.5,-19.6,-18.2,-19.4,-17.7,-19.5,NA,-23.4,-22.7,-6.6,-15.4,-15.5,-20.8,-13,NA,-23.4,-19.3
"ssp370",2038,-16.6,-36.5,-15.8,-20.4,-21.6,-17.3,-15.8,-15.2,-16.1,NA,-21.7,-24.7,-15.5,-13.7,-20,-20.5,-15.9,NA,-25.4,-19.6
"ssp370",2039,-16.4,-37.7,-20,-17.2,-19.2,-21,-17.5,-17.2,-16.7,NA,-24.7,-20.8,-15,-16.3,-20.5,-21.5,-14.2,NA,-22.9,-19.9
"ssp370",2040,-16.5,-34.6,-16.3,-15.4,-18.5,-14.5,-18.5,-23.7,-16.6,NA,-23.6,-21.3,-10.2,-13.5,-18.1,-20.9,-12.3,NA,-22.4,-18.6
"ssp370",2041,-16.4,-30.8,-13.1,-17.2,-18.9,-14.6,-17.1,-18.7,-13.7,NA,-25,-23.9,-8.2,-15.8,-19.4,-19.7,-13.9,NA,-19.9,-18
"ssp370",2042,-17.6,-37.1,-12,-18.4,-20,-18.3,-16.9,-16.7,-19.6,NA,-19.8,-26.3,-8.1,-15.6,-19.1,-20.4,-11.1,NA,-22.3,-18.8
"ssp370",2043,-16.8,-34,-27.3,-16.4,-18.2,-17.7,-19.4,-19.5,-14,NA,-18.2,-21.9,-4.3,-16.5,-17.2,-18.9,-17.7,NA,-26.3,-19.1
"ssp370",2044,-16.5,-23.6,-26.5,-17.6,-18.1,-18.4,-16.3,-18.7,-14,NA,-23.4,-21.8,-7.7,-13.1,-19.4,-18.3,-16.6,NA,-24.8,-18.5
"ssp370",2045,-16.4,-34.3,-21.7,-14.2,-22.1,-19.9,-15.3,-20.2,-16.4,NA,-23.4,-22.6,-6.5,-14.4,-18.9,-20.1,-12.9,NA,-21.6,-18.9
"ssp370",2046,-16,-27.6,-22.2,-14.7,-21.4,-18.5,-18.9,-9.7,-19.6,NA,-19,-23.1,-6.7,-12.6,-19,-20.6,-12.8,NA,-22.7,-17.9
"ssp370",2047,-15.4,-33.5,-15.2,-17.6,-17.6,-16.9,-14.8,-16.8,-16.4,NA,-22.9,-22.5,-17.2,-17.9,-17.9,-20.9,-15.1,NA,-23.6,-19
"ssp370",2048,-16.7,-27.5,-10.3,-18.4,-21.5,-17.6,-16.5,-11.5,-13.7,NA,-23.6,-21.1,-16,-15,-18,-19.1,-13.1,NA,-20.8,-17.7
"ssp370",2049,-16.5,-27.5,-21.8,-16,-17.4,-15.5,-17.1,-8.8,-14.6,NA,-20.3,-21.7,-8.8,-11.1,-19.4,-18.6,-11.1,NA,-23.7,-17.1
"ssp370",2050,-15.9,-25.3,-17.3,-15.9,-19.5,-17.7,-17.6,-17.5,-19.3,NA,-22.3,-21,-7.6,-15.3,-19.6,-18,-13.9,NA,-23,-18
"ssp370",2051,-16.9,-36.1,-15.9,-15.2,-16.9,-16.6,-16.1,-17.3,-18.6,NA,-25,-24.8,-12.7,-22.4,-17.1,-19.2,-11.3,NA,-23.9,-19.2
"ssp370",2052,-16.2,-30.1,-13.6,-15.3,-16.8,-16.4,-15.7,-14.8,-16.3,NA,-22.1,-22.7,-3.2,-19.4,-15.1,-19.5,-16.2,NA,-22.5,-17.4
"ssp370",2053,-16,-20.1,-21.3,-15.2,-18.4,-18.9,-15.1,-18.6,-18.1,NA,-22.3,-20.3,-8.6,-15.4,-16.3,-19.7,-12.3,NA,-24,-17.7
"ssp370",2054,-15.1,-31,-6.7,-14,-17.4,-16.4,-16.7,-16.8,-16.7,NA,-24,-20.3,-13.3,-14.2,-17.9,-20.6,-11.6,NA,-26.3,-17.6
"ssp370",2055,-14.9,-27.6,-17.6,-14.5,-17.9,-18.5,-16.5,-12.4,-20.6,NA,-19.1,-21.6,-4.9,-12.2,-16.3,-19.1,-13.8,NA,-24.8,-17.2
"ssp370",2056,-13.8,-29.1,-20.5,-15.4,-17.1,-19.6,-15,-18.2,-16.9,NA,-19.8,-20.6,-10,-16,-18.9,-17.5,-9.5,NA,-19.6,-17.5
"ssp370",2057,-15.5,-34.1,-22.5,-15.1,-18.8,-21.5,-17.5,-13.6,-17,NA,-21.2,-22.6,-7.4,-13.5,-18.6,-19.1,-13.9,NA,-20.2,-18.4
"ssp370",2058,-15.4,-23.4,-18.1,-14.4,-19.3,-16.7,-18.7,-18.1,-16.2,NA,-21.7,-18,-6.5,-11.4,-17.4,-16.6,-16.9,NA,-22,-17.1
"ssp370",2059,-14.2,-25.4,-13.4,-14.9,-22.5,-14.7,-16.5,-15,-19.3,NA,-19.3,-21.2,-3.7,-16.1,-13.7,-18.1,-14.6,NA,-21.7,-16.7
"ssp370",2060,-15.3,-36.1,-18.5,-16.2,-20,-19.6,-18.1,-8,-15.7,NA,-23,-16.5,-10.9,-13.1,-16.3,-20.4,-12.3,NA,-18.6,-17.6
"ssp370",2061,-14.9,-25.5,-16.8,-14.4,-20.1,-19.5,-15.2,-10,-18.8,NA,-23.8,-17.2,-11.6,-14.8,-18.2,-15.3,-12.8,NA,-22.3,-17.1
"ssp370",2062,-15.7,-34,-24.3,-14.3,-15.5,-18.4,-17.1,-11.5,-17.5,NA,-20,-20,-13.6,-10.4,-20.8,-17.3,-13.4,NA,-21.6,-18
"ssp370",2063,-14.8,-23.5,-19.1,-12.4,-21.9,-16,-15.5,-14.9,-15.5,NA,-21.6,-17.6,-13,-14.7,-15.4,-16.6,-14.3,NA,-22.6,-17
"ssp370",2064,-14.4,-24.1,-21.9,-16.2,-17.2,-16.3,-17.3,-9.1,-17,NA,-21.7,-19.4,-8,-11.4,-18,-20.5,-13.5,NA,-27.2,-17.2
"ssp370",2065,-13.3,-33.8,-12.3,-11.6,-16.7,-17.9,-17.3,-14.6,-15.1,NA,-25,-19.6,-17,-12,-13.4,-18.3,-13.5,NA,-19.7,-17.1
"ssp370",2066,-13.8,-25.6,-21,-13.5,-18.5,-16.2,-16.7,-18.1,-20.2,NA,-20.3,-20.1,-17.9,-11,-17.7,-17.3,-14.9,NA,-22.2,-17.9
"ssp370",2067,-13.4,-21.2,-17.9,-13.8,-17.1,-16.8,-17.3,-17.9,-20.6,NA,-21.1,-20.7,-7.9,-10.6,-18.1,-19.3,-12.8,NA,-20.7,-16.9
"ssp370",2068,-14,-29.4,-22,-13.6,-16.9,-16,-15.9,-10.4,-18.7,NA,-23.6,-19.3,-9.4,-11.1,-14.2,-15.9,-15.9,NA,-19.8,-16.8
"ssp370",2069,-15.7,-34.2,-10.7,-11.6,-18.1,-13.5,-18.3,-8,-15.6,NA,-19.8,-19.1,-3.6,-8.4,-16.4,-18.9,-10.8,NA,-19,-15.4
"ssp370",2070,-14.7,-32.5,-20.3,-12.1,-17,-17.3,-16.5,-16.6,-15.6,NA,-21.6,-18,-8.5,-7.9,-14.7,-20.2,-12,NA,-17.8,-16.7
"ssp370",2071,-15.2,-30,-5.9,-15.2,-16,-15.8,-15.4,-14.3,-14.3,NA,-19.2,-19.3,-6.6,-11.9,-16.4,-16.9,-12.3,NA,-18.9,-15.5
"ssp370",2072,-15,-20.2,-16.7,-13,-17.3,-13.1,-14,-13.9,-12.1,NA,-16.9,-15.6,-17.3,-13.3,-17.2,-16.8,-11.8,NA,-21.7,-15.6
"ssp370",2073,-16.4,-27.9,-17.2,-12.2,-14.4,-15.4,-15.1,-16,-17.3,NA,-20.5,-17.6,-12.3,-10.6,-16.1,-20.1,-11.7,NA,-17.7,-16.4
"ssp370",2074,-13.6,-34.8,-14.1,-13,-16.9,-15.4,-15.4,-22.2,-17.6,NA,-24,-18.3,-11.8,-11.7,-13.6,-18.2,-13.7,NA,-20.2,-17.3
"ssp370",2075,-13.9,-26.1,-11,-12.1,-13.8,-15.2,-17.2,-13.6,-18,NA,-22.3,-17.9,-6.1,-13.3,-17.4,-20.4,-11.5,NA,-18.9,-15.8
"ssp370",2076,-14.9,-23.5,-11.4,-12.6,-19.3,-14.5,-14.4,-24.4,-15.2,NA,-22.2,-17.9,-11.4,-16.9,-14.2,-20.1,-10.3,NA,-18.5,-16.6
"ssp370",2077,-12.9,-25.5,-16.8,-12.7,-18.3,-15.6,-16.4,-16.8,-18.6,NA,-19.5,-17.2,-8.9,-14.6,-14.4,-17.3,-10.9,NA,-20.9,-16.3
"ssp370",2078,-13.2,-26,-17.3,-10.9,-18,-13.5,-16,-8.8,-15,NA,-16.7,-14.7,-8.5,-11.2,-13.7,-17.7,-11.6,NA,-19.4,-14.8
"ssp370",2079,-13.2,-21.2,-12.6,-12.2,-17,-16,-14.6,-15.8,-14.2,NA,-23,-17.4,-9.5,-9.4,-16.5,-15.1,-12.5,NA,-18.5,-15.2
"ssp370",2080,-14.2,-29.1,-5.1,-11.4,-15.1,-16.6,-16.3,-9.2,-14.9,NA,-19.9,-19.4,-5.4,-8.5,-15.9,-17.4,-11.4,NA,-17.7,-14.6
"ssp370",2081,-13.6,-29.7,-8,-12.2,-14.5,-14.4,-14.6,-15.3,-17.5,NA,-17.3,-19.9,-4.8,-15,-15.6,-17.1,-13.9,NA,-20.5,-15.5
"ssp370",2082,-13.9,-25.1,-12,-12.2,-16.8,-16.5,-13.9,-18.3,-13.2,NA,-21.6,-15.9,-11.4,-13.6,-13.4,-17.9,-15.8,NA,-22.1,-16.1
"ssp370",2083,-15.2,-17.7,-8.8,-10.7,-15,-10.3,-14.4,-12.4,-15.4,NA,-24.4,-14.8,-5.7,-14.8,-14.4,-15.7,-13.8,NA,-22.2,-14.5
"ssp370",2084,-11.6,-24.8,-9.5,-9.2,-13.2,-13.2,-13.6,-11.4,-15.7,NA,-19.6,-15.4,-11.5,-12.5,-14.3,-15,-10.7,NA,-20.1,-14.2
"ssp370",2085,-12.4,-18.6,-12.8,-12.3,-14.7,-11.7,-14.2,-18.6,-18.2,NA,-22.5,-15.3,-2.9,-7.6,-15.3,-17.7,-10.3,NA,-20,-14.4
"ssp370",2086,-13.4,-24.9,-14.5,-11.1,-14.4,-13.4,-15.6,-9,-15.3,NA,-15.1,-14.9,-3.7,-13.6,-16.6,-14.7,-10,NA,-17.8,-14
"ssp370",2087,-13.5,-25.2,-17,-10.9,-13.4,-14.5,-13.3,-17.3,-16.9,NA,-22.1,-17.4,-14.7,-8.5,-14.1,-18,-10.7,NA,-18.5,-15.6
"ssp370",2088,-15,-20.7,-19.3,-11.2,-18,-14.2,-15.6,-9.4,-14.9,NA,-20.5,-13.8,-9.4,-8.6,-15.1,-15.2,-10.8,NA,-17.7,-14.7
"ssp370",2089,-13.8,-24.1,-17.9,-13.1,-14.8,-14.8,-14.8,-7.5,-14.3,NA,-17.9,-16,-7,-9.9,-14.8,-16.7,-11.6,NA,-17.5,-14.5
"ssp370",2090,-13.3,-22,-16.3,-10,-14.2,-15.7,-11.8,-12.6,-15.2,NA,-16.6,-17.3,-3.6,-11.6,-14.4,-13.2,-11.4,NA,-16.1,-13.8
"ssp370",2091,-11.2,-28.4,-24.1,-9.2,-12.4,-14.5,-17.4,-10.5,-20.2,NA,-17.2,-14.5,-13.8,-9.2,-14.7,-16.3,-12.5,NA,-16.8,-15.5
"ssp370",2092,-11.8,-34.1,-6,-12.4,-12.9,-12.5,-14.8,-10.6,-17.9,NA,-18.4,-12.6,-14,-8.5,-13.5,-17,-9.1,NA,-17.4,-14.3
"ssp370",2093,-11.6,-27.3,-24.5,-8.8,-13.8,-12.6,-13.2,-11.1,-16.7,NA,-20.8,-13.6,-7.5,-9.1,-16,-18.9,-8.8,NA,-16.7,-14.8
"ssp370",2094,-12.6,-22.9,-11.9,-10.1,-13.4,-12.2,-15.4,-13.7,-17.6,NA,-21.3,-16.2,-11.5,-14,-14.5,-16.1,-11,NA,-17.8,-14.8
"ssp370",2095,-10.7,-29,-15.5,-8.3,-16.7,-11.4,-13.3,-16.5,-12.5,NA,-20.9,-14.4,-3.5,-13,-16.3,-14.7,-8.9,NA,-16.7,-14.3
"ssp370",2096,-11.3,-20.6,-13.8,-11.1,-13.4,-13.5,-13.1,-14.5,-17.4,NA,-21.6,-13.3,-11.3,-8.2,-13.9,-16.7,-13.2,NA,-18.4,-14.4
"ssp370",2097,-12,-25.4,-8,-10,-14.8,-12.1,-12.1,-6.9,-15.8,NA,-18.3,-15.3,-7.7,-6.3,-12,-19.4,-10.7,NA,-16.3,-13.1
"ssp370",2098,-12.5,-18.7,-19.8,-11.6,-13.6,-13.4,-12,-14.1,-13,NA,-16.6,-11.2,-5,-16.2,-15.1,-17,-10.7,NA,-13.5,-13.8
"ssp370",2099,-13,-17.8,-10.8,-9.8,-14.3,-12.3,-13.6,-12.7,-13.4,NA,-16.2,-10.9,-11.9,-11.8,-13.6,-14.7,-11.7,NA,-17.1,-13.3
"ssp370",2100,-11.8,-22.2,-16.1,-9.3,-12.8,-12.3,-15.3,-7,-8.8,NA,-18.9,-15.9,-8.8,-10.4,-13.6,-14.4,-13.4,NA,-17.7,-13.5
"ssp585",2015,-18.7,-37,-23.9,-16.7,-21.3,-19,-18.8,-26.7,-16.2,-27.3,-32.9,-20.2,-9.9,-19.8,-28.4,-13.9,-13.8,-23,-23.6,-21.6
"ssp585",2016,-17.6,-37,-26.3,-17.3,-21.6,-17.9,-16.3,-16.9,-16.6,-27.1,-17,-26.5,-13.8,-15.3,-17.5,-25,-19.1,-12.8,-26.5,-20.4
"ssp585",2017,-18.7,-34.2,-16.4,-17,-22.9,-20.1,-20.6,-20.6,-20.3,-22.3,-26.4,-23.9,-21,-17.2,-21.2,-21.6,-8.2,-18.8,-23.9,-20.8
"ssp585",2018,-19.6,-37.6,-12.8,-18.8,-23.7,-18.9,-18.5,-16.2,-15.7,-27.5,-14.6,-26.3,-13.2,-15.5,-13.7,-18.9,-19.2,-20.3,-26,-19.8
"ssp585",2019,-18.1,-35.7,-26.5,-19.1,-20.2,-21.6,-19,-18.9,-20.9,-24.8,-26.7,-23.5,-22,-16.6,-15.6,-19.2,-11.9,-18.3,-30.8,-21.5
"ssp585",2020,-17.2,-32.1,-24.2,-20.2,-18.8,-19.9,-19.9,-28,-18.6,-27.5,-14.2,-25.6,-10.8,-16.1,-18.7,-20,-13.5,-17.8,-26.8,-20.5
"ssp585",2021,-18.9,-37.9,-18.2,-17.8,-21.4,-18.9,-23,-17.7,-18.4,-23.9,-19.5,-24.1,-10.8,-17.6,-22.8,-23.7,-21,-24,-25.7,-21.3
"ssp585",2022,-17.3,-36.2,-14.9,-18.7,-22,-20.6,-17.4,-15.7,-18.9,-29.6,-32.4,-23.6,-5,-15.6,-16.6,-20.5,-17.5,-21,-28.9,-20.7
"ssp585",2023,-18.7,-31.3,-13.1,-19.7,-20.5,-19.9,-20.4,-25.7,-19.6,-26.2,-17.7,-23.3,-3.6,-15,-19.5,-22.8,-20.7,-19.9,-24.2,-20.1
"ssp585",2024,-17.2,-30.4,-18.1,-18.1,-19.4,-19.2,-17.7,-20.3,-17.4,-24.1,-23.8,-25.1,-8.8,-16.6,-19.3,-21.1,-9.3,-16.6,-31.1,-19.7
"ssp585",2025,-19,-22.7,-14.5,-17.3,-19.1,-18.5,-16,-22.1,-18.8,-28,-26.4,-25.4,-22.4,-14.9,-13.3,-17.6,-17.4,-20.2,-28.2,-20.1
"ssp585",2026,-16.4,-30.2,-18.6,-18.7,-19,-21.5,-17.5,-12.7,-17.5,-24,-28,-21.7,-12.2,-16.7,-21.1,-15.4,-21.6,-19.5,-29.8,-20.1
"ssp585",2027,-18,-30.9,-20.7,-19.3,-19.6,-19.9,-18.6,-24.1,-21.9,-26.1,-26.4,-25.7,-10.7,-14.4,-10.9,-20.6,-18,-15.1,-28.1,-20.5
"ssp585",2028,-17.2,-27,-13.7,-17.7,-18.4,-18.9,-18.4,-14.6,-17.7,-25,-24.5,-29.1,-6.1,-13.4,-17,-18.8,-16.9,-15.5,-25,-18.7
"ssp585",2029,-17.6,-28,-18.8,-17.2,-19.8,-16.3,-19.8,-9.8,-16.7,-24.6,-26.2,-27.2,-13.9,-16,-14.1,-23.2,-17.2,-12.4,-25.9,-19.2
"ssp585",2030,-15.4,-29.6,-21.9,-19.3,-19.8,-19.4,-16.4,-13.7,-16.1,-23.2,-26.4,-22.2,-5.5,-14.4,-12.9,-23.1,-32.1,-14.4,-27.4,-19.6
"ssp585",2031,-16.8,-28.4,-24.6,-19,-20.7,-16.3,-20.3,-10.1,-20,-29.7,-20.9,-19.2,-7.5,-14,-23.5,-19,-23.3,-22.6,-27.9,-20.2
"ssp585",2032,-17.7,-30.2,-18,-18.2,-18.2,-19.3,-19.4,-17.1,-14.9,-24.8,-22.7,-20.6,-16,-13.9,-22.8,-24.4,-13,-13.4,-25.1,-19.5
"ssp585",2033,-18.2,-26.1,-24.7,-18.1,-19.8,-18.3,-20,-18,-18,-28.5,-28.2,-23.6,-6.3,-15.3,-16.5,-22,-21.9,-12.8,-27.2,-20.2
"ssp585",2034,-17.3,-28.8,-20.8,-16.1,-16.7,-18.6,-16.7,-11.1,-15.9,-25.3,-26.8,-20,-8.5,-17.9,-20.4,-18.9,-15.3,-18.6,-22.7,-18.8
"ssp585",2035,-18.1,-34.7,-16.3,-20.7,-19.6,-16,-18.4,-24.5,-19.1,-25.2,-29.3,-19.1,-5.3,-17.4,-14,-26.8,-25.1,-19.9,-26.4,-20.8
"ssp585",2036,-17.3,-31,-8.7,-17.1,-19.1,-18,-18.6,-14.2,-20.5,-21.8,-27.3,-21.6,-4.5,-13.1,-26.2,-21.7,-11,-20.2,-23.7,-18.7
"ssp585",2037,-17.5,-36.4,-21.5,-14.9,-19.2,-20.2,-17.9,-15.7,-13.8,-24.1,-23.4,-21,-12.2,-14.7,-20.8,-18.4,-16.7,-16.9,-23.2,-19.4
"ssp585",2038,-15.7,-27.7,-26.5,-16.9,-19.8,-18.9,-19,-17.5,-18.4,-19.8,-17.2,-22.1,-12.9,-14.3,-14.5,-20.9,-8.4,-21.1,-28.4,-18.9
"ssp585",2039,-18,-35.8,-20.8,-15.3,-19,-15.8,-16.7,-10.5,-18.2,-27.6,-19.9,-18.7,-7,-13.1,-19.5,-15.7,-8.6,-15.9,-21.7,-17.8
"ssp585",2040,-16.3,-38.5,-21.6,-14.9,-19.4,-17.2,-16.7,-18,-14.9,-28,-19.8,-24.2,-8.5,-14.4,-12.7,-16.7,-8.2,-13.6,-23.6,-18.3
"ssp585",2041,-16.8,-29.3,-25.8,-16.3,-18,-20.8,-17.1,-21.3,-15,-26.9,-23.2,-22.3,-13.5,-15.7,-18.5,-20.2,-15.7,-21.5,-21.6,-20
"ssp585",2042,-17.6,-24.7,-14.2,-15.7,-17.4,-20.4,-17.9,-13.8,-15.2,-21,-22.8,-22.9,-12.9,-14.4,-20.8,-23.3,-8.8,-22.4,-23.6,-18.4
"ssp585",2043,-16,-35.3,-10.2,-18.7,-20.2,-16.6,-16.9,-10.4,-18.9,-23.6,-20.7,-20.2,-11.4,-13.6,-21.4,-15.3,-15.5,-17.7,-23.7,-18.2
"ssp585",2044,-14.7,-29.6,-20.9,-16.4,-19.3,-17.8,-18.2,-12.7,-19.9,-22.9,-23.4,-19.8,-10.4,-15.2,-22,-18.8,-7.5,-15.8,-19.5,-18.1
"ssp585",2045,-16.7,-24.9,-18.7,-16.6,-15.5,-21.5,-16.8,-28.1,-17.7,-27,-26.9,-22.7,-10.5,-12.9,-21.1,-20,-18.9,-17.9,-22.2,-19.8
"ssp585",2046,-16.2,-32,-19.3,-15.6,-18.8,-19.5,-18.2,-11.8,-20.8,-21.7,-21.9,-23.4,-17.5,-16.1,-19.3,-21.6,-17.2,-10.8,-22.7,-19.2
"ssp585",2047,-16.8,-37.3,-19,-15.3,-17.9,-16.9,-18.8,-22.4,-20.3,-21,-17,-22.6,-14.2,-15.2,-15.7,-20.5,-15.8,-14.6,-22.2,-19.1
"ssp585",2048,-15.9,-27.6,-17,-16.3,-18.8,-16.6,-16.7,-29.7,-19.3,-21.4,-22.8,-23.2,-7.7,-12.4,-14.2,-21.9,-11.3,-16.6,-24.3,-18.6
"ssp585",2049,-16.2,-21.4,-16.8,-15,-16.9,-15.6,-13.5,-16.6,-19.5,-22,-28,-18,-5.4,-14.2,-10.4,-12.8,-16,-14.7,-21.3,-16.5
"ssp585",2050,-15.6,-19.5,-16.5,-15.6,-16.2,-14.6,-17,-8.5,-15.7,-27.8,-15.5,-18.8,-4.4,-12.5,-17.9,-13.9,-20,-19.1,-22.3,-16.4
"ssp585",2051,-15.8,-31.8,-23,-13.3,-18.2,-15.5,-16.2,-17.9,-19.5,-25,-20.3,-22.1,-7.2,-12.5,-14.2,-20.6,-7.9,-14.7,-23.1,-17.8
"ssp585",2052,-15.9,-28.7,-16.9,-14.4,-15.3,-18.2,-16.7,-10.4,-16.7,-24.7,-21.1,-21.2,-8.9,-13,-16.2,-15.7,-7.1,-18,-20.9,-16.8
"ssp585",2053,-15.3,-32.1,-18.2,-16.6,-17.7,-17.6,-15.1,-15.9,-16.6,-23,-23.6,-18.4,-11,-14.2,-22.8,-18.1,-16.7,-14.4,-18.3,-18.2
"ssp585",2054,-15.3,-23.3,-18.2,-14.5,-15.8,-18.2,-19.1,-7.5,-15.9,-23.1,-18.3,-22.7,-10.9,-14.6,-12.2,-20.7,-15.2,-16.6,-24,-17.2
"ssp585",2055,-14.1,-27.4,-10.7,-14.8,-14.7,-13.2,-19.2,-12.2,-13.3,-22.8,-23.1,-20.2,-17.2,-15.7,-11.6,-20,-14.6,-17,-24.7,-17.2
"ssp585",2056,-15.4,-27.8,-21.9,-13.3,-17.6,-18.2,-16.9,-15.4,-18.9,-21.7,-18.9,-18,-11,-11.6,-19.7,-18,-7.6,-14.9,-24.8,-17.5
"ssp585",2057,-15.4,-24.8,-13.8,-17,-17.2,-17.7,-16,-17.7,-13.4,-20.2,-28.1,-22.1,-4.5,-14.1,-28.5,-24.6,-8.4,-17.8,-21.2,-18
"ssp585",2058,-13.7,-28.4,-19.7,-12.5,-16.4,-17.7,-16.9,-21.8,-16.2,-20.7,-12.9,-22.3,-11.3,-12.9,-12.6,-19.3,-11.6,-13.1,-19.6,-16.8
"ssp585",2059,-14.7,-31,-22,-13.1,-17,-16.6,-16.3,-15.5,-16.2,-21.7,-26.6,-18.9,-9.7,-13.4,-15,-19.5,-11.1,-14.1,-21,-17.5
"ssp585",2060,-15.8,-22.2,-13,-12.6,-17.3,-16.6,-14.3,-20.6,-15.6,-21.5,-31.7,-20.6,-6,-12.7,-20.7,-7,-16.8,-17.2,-21.9,-17.1
"ssp585",2061,-13.5,-31.3,-7.2,-14.4,-13.6,-19.6,-15.4,-7.9,-14,-19.7,-17.5,-12.1,-11,-14.1,-17.8,-20.9,-10.1,-13.2,-19.6,-15.4
"ssp585",2062,-15.5,-30.1,-21,-12,-14.8,-18.9,-16,-9.8,-16,-25,-16.3,-16.5,-4.2,-11,-17.2,-18.4,-19.5,-13.2,-21.3,-16.7
"ssp585",2063,-13,-27.7,-17.3,-13.7,-14.5,-13,-15.1,-15.6,-19.4,-19.7,-12.2,-18,-13.1,-13.1,-7.7,-17.1,-11.3,-15.8,-20.4,-15.7
"ssp585",2064,-12.3,-14.7,-16.1,-11.8,-17.5,-19.1,-15.5,-10.4,-12.4,-17.1,-24.6,-15.9,-10.6,-15.2,-16.8,-17.5,-13.6,-13.6,-21.8,-15.6
"ssp585",2065,-13.8,-23,-6.5,-12.8,-17.1,-12.4,-15.1,-16,-18.6,-19.9,-26.1,-17.8,-9.2,-15.5,-15.7,-20.6,-21.3,-14.8,-18.1,-16.5
"ssp585",2066,-13.1,-26.7,-21.3,-11.8,-15.8,-16.2,-16.7,-13.3,-18.8,-21.4,-23.3,-16.8,-8.3,-13.8,-14.5,-17,-9,-17.7,-19,-16.6
"ssp585",2067,-12.8,-13.4,-24.1,-12.3,-18.1,-16.9,-15.9,-10.2,-13.5,-21,-24.2,-15.7,-5.8,-12.1,-14.8,-13.8,-17.8,-15.8,-20.1,-15.7
"ssp585",2068,-13.5,-32.7,-18.3,-11.5,-17.7,-13.1,-16,-7.3,-10.8,-20.1,-23,-14.9,-16.8,-12.5,-21.9,-8.6,-11.1,-10.9,-18.5,-15.7
"ssp585",2069,-13.1,-30.9,-21,-10.7,-14.4,-16.2,-17.1,-12,-12.9,-18.2,-17.6,-18.5,-4.5,-12,-12.9,-18.4,-15.1,-16.4,-20.2,-15.9
"ssp585",2070,-14.2,-30.4,-24.5,-10.6,-14.6,-14.6,-13.6,-11.2,-15.9,-19.9,-16.9,-12.1,-14.8,-11.8,-11.8,-19.4,-10.2,-14,-19.2,-15.8
"ssp585",2071,-11.9,-23.8,-9.7,-12.9,-13.2,-18,-15.2,-10.2,-17.4,-15.5,-20,-15.4,-6.8,-10.5,-10.7,-15.2,-16.2,-13.6,-20.5,-14.6
"ssp585",2072,-12,-34.4,-13.2,-11.6,-13.8,-16.3,-15.2,-18.1,-16.2,-16,-23.2,-20.9,-15.2,-12,-15.3,-15,-17.9,-16.8,-21.1,-17.1
"ssp585",2073,-12.2,-18.9,-16.7,-11.2,-16.2,-11.9,-17.5,-7.8,-19.2,-16.5,-26.9,-12.4,-15.3,-11.3,-20,-20.1,-12.3,-18.9,-19.5,-16
"ssp585",2074,-12.9,-30.5,-15.6,-11.9,-16.8,-12.5,-15.9,-12.6,-14.9,-20.5,-27.2,-14.5,-6.8,-11,-20.3,-17.7,-8.2,-8.8,-17.9,-15.6
"ssp585",2075,-12.3,-26.6,-17.8,-10.5,-14.3,-11.1,-16.4,-12.9,-17.8,-18.3,-24.5,-15.5,-8.6,-7.6,-14.1,-22,-7,-11.7,-18.1,-15.1
"ssp585",2076,-12,-26,-11.9,-8.7,-14.7,-15.3,-13,-16.9,-11.7,-16.3,-21.4,-15.6,-1.4,-9.6,-18.6,-17.6,-10.9,-12.9,-17.1,-14.3
"ssp585",2077,-12.2,-28.3,-12.4,-9.5,-14,-12.8,-14.8,-18,-13.3,-24.8,-14.6,-16.6,-8.5,-12.8,-7.8,-20.1,-6.6,-10,-17.3,-14.4
"ssp585",2078,-13.7,-20.9,-22.1,-8.2,-12.6,-14.3,-14.4,-10.5,-15.8,-17.6,-27.3,-15.1,-8.3,-11.7,-17.2,-13.2,-10.7,-14.7,-19.3,-15.1
"ssp585",2079,-11.3,-22.6,-1.8,-9.6,-13.3,-11.9,-12.9,-14.6,-15.2,-18.3,-24.1,-16.7,-3.2,-10.8,-10.1,-16,-11.2,-19.3,-20.5,-13.9
"ssp585",2080,-13,-20.3,-23.6,-10.3,-12.7,-11.1,-14.4,-8.4,-18.6,-18.6,-23.1,-12.8,-5.7,-9,-18.5,-19.8,-8,-13.5,-18.3,-14.7
"ssp585",2081,-11.7,-25.6,-14,-9.2,-12,-11.5,-13.3,-8.4,-15.4,-19.2,-11.9,-14.7,-10.1,-8.7,-21.6,-16.1,-2.7,-11.7,-14.4,-13.3
"ssp585",2082,-11.6,-23.6,-6.4,-9.5,-12.2,-11.5,-15.9,-7.9,-11.3,-18.4,-23.1,-12.6,-12,-10.9,-18.8,-13,-6.7,-16.2,-15.2,-13.5
"ssp585",2083,-10.9,-25.1,-10.7,-10.6,-13.6,-12.6,-12.5,-11,-12.9,-16.1,-24.2,-13.4,-4.9,-11.8,-13,-17.8,-10.6,-10.2,-16.7,-13.6
"ssp585",2084,-11.4,-15.7,-22.2,-8.3,-13.7,-13.6,-11.3,-12,-17,-17.3,-17.9,-16.7,-8.4,-9.5,-14.6,-11.5,-9.5,-12.1,-15.1,-13.6
"ssp585",2085,-10.8,-25.9,-20.8,-7.9,-12.2,-13.7,-13.6,-14.5,-16.4,-18.3,-18.8,-15.7,-13,-12.8,-8.7,-17.2,-9.9,-6.3,-17.1,-14.4
"ssp585",2086,-12.4,-31.5,-12.1,-8.7,-12.2,-13.2,-13.2,-5.5,-13.3,-17.2,-17.6,-14.8,-8.3,-10.5,-11.3,-14.4,-11.5,-8.3,-20.8,-13.5
"ssp585",2087,-11.8,-20.6,-14.1,-8.7,-13.3,-12.4,-13.7,-14.9,-13.5,-20.1,-23.5,-12.8,-6.2,-9.5,-6.3,-16.1,-10.4,-13.9,-15.3,-13.5
"ssp585",2088,-10.8,-21.4,-13.9,-9,-11.2,-11.4,-12.1,-12.7,-12,-19.3,-18.4,-9.1,-3.3,-9.2,-11.3,-16.5,-9.5,-13.1,-14.4,-12.6
"ssp585",2089,-9.6,-20.4,-18.6,-10.2,-11.6,-13.5,-12.3,-17.8,-13.9,-16.1,-17.4,-11.4,-4.7,-10.5,-24,-17.1,-7.1,-12.3,-14.7,-13.9
"ssp585",2090,-10.1,-27.1,-10.7,-7.5,-11.8,-10.1,-10.6,-17.9,-14,-16.1,-16,-13.8,-1.3,-7.9,-15.8,-11.9,-15.1,-12.8,-14.2,-12.9
"ssp585",2091,-12,-12.2,-7.9,-7.4,-12.6,-10.3,-14.6,-14.7,-12.4,-17.6,-23.9,-11,-2.8,-9.3,-8.8,-14.9,-8.5,-13.8,-16.7,-12.2
"ssp585",2092,-9.8,-20.6,-18.6,-7.5,-11.9,-11.2,-12.1,-5.5,-15.1,-20.1,-22.3,-14.2,-7,-10.2,-8.7,-15.8,-11.9,-16,-14,-13.3
"ssp585",2093,-10.8,-23,-14.6,-9.8,-11.7,-12.6,-14,-10.2,-12.8,-19.2,-14.9,-11.4,-4.3,-8.1,-19.7,-15.9,-8.2,-8,-15.5,-12.9
"ssp585",2094,-11,-20.3,-11.3,-6.7,-11,-12.3,-9.3,-9.6,-11.9,-13.7,-14.2,-13.2,-9.1,-8.5,-14.7,-9.5,-8.6,-12.2,-17.7,-11.8
"ssp585",2095,-10.4,-18.2,-6.4,-6.7,-9.1,-11.3,-15.1,-12.8,-13.8,-17.6,-26,-11.8,-9.4,-8.5,-17,-12.4,-8.8,-14.4,-17.2,-13
"ssp585",2096,-9.8,-19.9,-20.9,-8.4,-12.4,-11.9,-12.3,-11.5,-15.4,-19.6,-13.1,-10.9,-8.3,-8.7,-11.6,-12.1,-6.9,-6.8,-15.1,-12.4
"ssp585",2097,-9.6,-27.4,-9.4,-8.7,-9.3,-10.5,-13.1,-20.2,-11.6,-16.1,-17.3,-9.2,-5.5,-8.9,-12.7,-8.7,-14.2,-12.7,-14.8,-12.6
"ssp585",2098,-10.5,-21.8,-7,-8.5,-11.2,-10.4,-12.7,-9.2,-14.2,-13.3,-18.8,-14.9,-5.5,-9.9,-12.9,-13.9,-6.2,-10.8,-13.2,-11.8
"ssp585",2099,-11.2,-22.6,-4.2,-8.4,-8.9,-11.2,-9,-8.2,-11.8,-17.5,-17.3,-13.9,-5.6,-8.6,-14.2,-14.9,-9.1,-11.1,-12.7,-11.6
"ssp585",2100,-10.8,-22.8,-4.9,-5.8,-8.6,-8.7,-13.7,-8.9,-12.3,-16.6,-7.6,-9.3,-2,-7.5,-16.9,-12.3,-18.6,-11.4,-13.8,-11.2
